# nFreq 
# kB/2 
# AddedMass(3, 3) 
# Damping(3, 3) 
  300
   1.000000E-02
   1.579346E+00  -7.871973E-04  -2.006441E-02
   9.919619E-01   2.062342E+01  -2.840036E-03
  -1.905110E-02   2.253773E-06   7.667877E-04
  -2.108829E-03  -4.568998E-04   1.694736E-05
   2.303717E-02   1.676748E+01  -6.595392E-05
  -3.592888E-06   1.308120E-06  -1.199413E-06
   2.668896E-02
   1.587393E+00  -6.583797E-04  -2.021556E-02
   3.849247E-01   1.485131E+01  -1.102066E-03
  -1.913348E-02   1.884964E-06   7.671966E-04
  -5.857014E-03  -3.167393E-04   4.843449E-05
   2.267951E-02   1.715373E+01  -6.492681E-05
  -1.416615E-06   9.068354E-07  -3.301541E-06
   4.337793E-02
   1.596282E+00  -6.331279E-04  -2.037412E-02
   2.430042E-01   1.160379E+01  -6.957419E-04
  -1.920484E-02   1.812667E-06   7.680493E-04
  -9.960521E-03  -2.362542E-04   8.535668E-05
   2.240458E-02   1.723780E+01  -6.413711E-05
   1.451151E-05   6.764038E-07  -5.530763E-06
   6.006689E-02
   1.605800E+00  -6.320548E-04  -2.053897E-02
   1.791098E-01   9.211593E+00  -5.128088E-04
  -1.926853E-02   1.809595E-06   7.691811E-04
  -1.453457E-02  -1.793645E-04   1.293834E-04
   2.218000E-02   1.714828E+01  -6.349189E-05
   4.754876E-05   5.135268E-07  -7.907592E-06
   7.675585E-02
   1.615936E+00  -6.387248E-04  -2.071082E-02
   1.425318E-01   7.279378E+00  -4.080837E-04
  -1.932775E-02   1.828691E-06   7.705417E-04
  -1.968350E-02  -1.320191E-04   1.819844E-04
   2.199127E-02   1.694068E+01  -6.294952E-05
   1.005275E-04   3.779753E-07  -1.045704E-05
   9.344482E-02
   1.626765E+00  -6.481294E-04  -2.089116E-02
   1.187163E-01   5.647713E+00  -3.398976E-04
  -1.938594E-02   1.855617E-06   7.721199E-04
  -2.548985E-02  -8.670951E-05   2.443371E-04
   2.182966E-02   1.664686E+01  -6.248494E-05
   1.757860E-04   2.482523E-07  -1.320352E-05
   1.101338E-01
   1.638405E+00  -6.588019E-04  -2.108198E-02
   1.019038E-01   4.235111E+00  -2.917614E-04
  -1.944677E-02   1.886172E-06   7.739252E-04
  -3.200923E-02  -3.864755E-05   3.172708E-04
   2.168917E-02   1.628765E+01  -6.208097E-05
   2.751577E-04   1.106493E-07  -1.616839E-05
   1.268227E-01
   1.651007E+00  -6.706792E-04  -2.128560E-02
   8.935427E-02   2.993618E+00  -2.558295E-04
  -1.951417E-02   1.920178E-06   7.759799E-04
  -3.926784E-02   1.566683E-05   4.012315E-04
   2.156538E-02   1.587782E+01  -6.172486E-05
   3.999586E-04  -4.485469E-08  -1.936866E-05
   1.435117E-01
   1.664735E+00  -6.843653E-04  -2.150453E-02
   7.959546E-02   1.892201E+00  -2.278872E-04
  -1.959221E-02   1.959361E-06   7.783156E-04
  -4.726151E-02   7.913136E-05   4.962629E-04
   2.145483E-02   1.542842E+01  -6.140671E-05
   5.509808E-04  -2.265558E-07  -2.281609E-05
   1.602007E-01
   1.679764E+00  -7.008647E-04  -2.174144E-02
   7.176497E-02   9.093349E-01  -2.054652E-04
  -1.968509E-02   2.006600E-06   7.809701E-04
  -5.595578E-02   1.544391E-04   6.019983E-04
   2.135473E-02   1.494803E+01  -6.111858E-05
   7.284918E-04  -4.421644E-07  -2.651661E-05
   1.768896E-01
   1.696271E+00  -7.215181E-04  -2.199903E-02
   6.532358E-02   2.928708E-02  -1.870195E-04
  -1.979707E-02   2.065731E-06   7.839856E-04
  -6.528663E-02   2.443496E-04   7.176607E-04
   2.126282E-02   1.444353E+01  -6.085391E-05
   9.322392E-04  -6.995812E-07  -3.047003E-05
   1.935786E-01
   1.714431E+00  -7.480534E-04  -2.227999E-02
   5.991663E-02  -7.599386E-01  -1.715347E-04
  -1.993241E-02   2.141703E-06   7.874078E-04
  -7.516180E-02   3.518981E-04   8.420704E-04
   2.117717E-02   1.392057E+01  -6.060723E-05
   1.161459E-03  -1.007496E-06  -3.466978E-05
   2.102676E-01
   1.734411E+00  -7.827231E-04  -2.258695E-02
   5.530111E-02  -1.467808E+00  -1.583148E-04
  -2.009533E-02   2.240963E-06   7.912841E-04
  -8.546235E-02   4.805708E-04   9.736579E-04
   2.109615E-02   1.338389E+01  -6.037390E-05
   1.414889E-03  -1.375891E-06  -3.910281E-05
   2.269565E-01
   1.756368E+00  -8.285265E-04  -2.292241E-02
   5.130488E-02  -2.102009E+00  -1.468667E-04
  -2.028996E-02   2.372100E-06   7.956632E-04
  -9.604453E-02   6.344535E-04   1.110481E-03
   2.101837E-02   1.283753E+01  -6.014993E-05
   1.690780E-03  -1.816462E-06  -4.374953E-05
   2.436455E-01
   1.780447E+00  -8.895269E-04  -2.328873E-02
   4.780255E-02  -2.668943E+00  -1.368312E-04
  -2.052031E-02   2.546746E-06   8.005936E-04
  -1.067419E-01   8.183506E-04   1.250244E-03
   2.094262E-02   1.228496E+01  -5.993188E-05
   1.986911E-03  -2.342966E-06  -4.858380E-05
   2.603344E-01
   1.806775E+00  -9.712809E-04  -2.368806E-02
   4.470059E-02  -3.174056E+00  -1.279401E-04
  -2.079020E-02   2.780811E-06   8.061234E-04
  -1.173673E-01   1.037857E-03   1.390325E-03
   2.086786E-02   1.172922E+01  -5.971675E-05
   2.300607E-03  -2.971419E-06  -5.357302E-05
   2.770234E-01
   1.835462E+00  -1.081403E-03  -2.412229E-02
   4.192784E-02  -3.622070E+00  -1.199892E-04
  -2.110326E-02   3.096095E-06   8.122994E-04
  -1.277153E-01   1.299350E-03   1.527796E-03
   2.079317E-02   1.117299E+01  -5.950192E-05
   2.628757E-03  -3.720083E-06  -5.867814E-05
   2.937124E-01
   1.866597E+00  -1.230288E-03  -2.459308E-02
   3.942913E-02  -4.017146E+00  -1.128200E-04
  -2.146285E-02   3.522358E-06   8.191662E-04
  -1.375646E-01   1.609855E-03   1.659455E-03
   2.071776E-02   1.061862E+01  -5.928505E-05
   2.967829E-03  -4.609070E-06  -6.385381E-05
   3.104013E-01
   1.900249E+00  -1.432000E-03  -2.510177E-02
   3.716110E-02  -4.363010E+00  -1.063075E-04
  -2.187208E-02   4.099864E-06   8.267656E-04
  -1.466799E-01   1.976703E-03   1.781858E-03
   2.064093E-02   1.006823E+01  -5.906398E-05
   3.313890E-03  -5.659368E-06  -6.904854E-05
   3.270903E-01
   1.936461E+00  -1.705329E-03  -2.564936E-02
   3.508913E-02  -4.663034E+00  -1.003516E-04
  -2.233370E-02   4.882417E-06   8.351359E-04
  -1.548151E-01   2.406883E-03   1.891346E-03
   2.056205E-02   9.523692E+00  -5.883671E-05
   3.662631E-03  -6.890988E-06  -7.420483E-05
   3.437793E-01
   1.975255E+00  -2.074988E-03  -2.623652E-02
   3.318530E-02  -4.920311E+00  -9.487114E-05
  -2.285014E-02   5.940761E-06   8.443116E-04
  -1.617151E-01   2.905953E-03   1.984084E-03
   2.048058E-02   8.986684E+00  -5.860122E-05
   4.009385E-03  -8.319843E-06  -7.925946E-05
   3.604682E-01
   2.016626E+00  -2.572831E-03  -2.686356E-02
   3.142678E-02  -5.137701E+00  -8.979925E-05
  -2.342343E-02   7.366102E-06   8.543222E-04
  -1.671190E-01   3.476348E-03   2.056097E-03
   2.039601E-02   8.458705E+00  -5.835533E-05
   4.349158E-03  -9.952904E-06  -8.414371E-05
   3.771572E-01
   2.060543E+00  -3.238956E-03  -2.753037E-02
   2.979475E-02  -5.317874E+00  -8.508015E-05
  -2.405517E-02   9.273243E-06   8.651919E-04
  -1.707626E-01   4.114905E-03   2.103314E-03
   2.030789E-02   7.941093E+00  -5.809654E-05
   4.676655E-03  -1.178112E-05  -8.878377E-05
   3.938462E-01
   2.106949E+00  -4.122391E-03  -2.823645E-02
   2.827353E-02  -5.463337E+00  -8.066673E-05
  -2.474649E-02   1.180255E-05   8.769388E-04
  -1.723816E-01   4.809440E-03   2.121612E-03
   2.021576E-02   7.435035E+00  -5.782174E-05
   4.986315E-03  -1.376959E-05  -9.310111E-05
   4.105351E-01
   2.155762E+00  -5.280941E-03  -2.898089E-02
   2.684996E-02  -5.576459E+00  -7.651878E-05
  -2.549806E-02   1.511951E-05   8.895743E-04
  -1.717150E-01   5.534258E-03   2.106868E-03
   2.011915E-02   6.941578E+00  -5.752688E-05
   5.272349E-03  -1.584477E-05  -9.701299E-05
   4.272241E-01
   2.206871E+00  -6.779648E-03  -2.976238E-02
   2.551287E-02  -5.659488E+00  -7.260169E-05
  -2.630998E-02   1.941037E-05   9.031027E-04
  -1.685084E-01   6.244618E-03   2.055013E-03
   2.001755E-02   6.461645E+00  -5.720655E-05
   5.528781E-03  -1.787856E-05  -1.004330E-04
   4.439130E-01
   2.260141E+00  -8.687143E-03  -3.057920E-02
   2.425280E-02  -5.714568E+00  -6.888568E-05
  -2.718185E-02   2.487159E-05   9.175202E-04
  -1.625181E-01   6.870371E-03   1.962097E-03
   1.991037E-02   5.996032E+00  -5.685351E-05
   5.749499E-03  -1.967011E-05  -1.032719E-04
   4.606020E-01
   2.315414E+00  -1.106910E-02  -3.142924E-02
   2.306164E-02  -5.743742E+00  -6.534549E-05
  -2.811265E-02   3.169122E-05   9.328150E-04
  -1.535152E-01   7.309342E-03   1.824347E-03
   1.979688E-02   5.545426E+00  -5.645814E-05
   5.928302E-03  -2.092690E-05  -1.054381E-04
   4.772910E-01
   2.372513E+00  -1.397809E-02  -3.231009E-02
   2.193252E-02  -5.748969E+00  -6.196048E-05
  -2.910082E-02   4.001975E-05   9.489665E-04
  -1.412893E-01   7.421463E-03   1.638237E-03
   1.967624E-02   5.110403E+00  -5.600798E-05
   6.058965E-03  -2.124790E-05  -1.068387E-04
   4.939799E-01
   2.431244E+00  -1.743926E-02  -3.321906E-02
   2.085964E-02  -5.732123E+00  -5.871536E-05
  -3.014416E-02   4.992920E-05   9.659454E-04
  -1.256521E-01   7.025172E-03   1.400536E-03
   1.954738E-02   4.691437E+00  -5.548731E-05
   6.135288E-03  -2.011331E-05  -1.073802E-04
   5.106689E-01
   2.491407E+00  -2.143203E-02  -3.415332E-02
   1.983828E-02  -5.695002E+00  -5.560134E-05
  -3.123992E-02   6.136063E-05   9.837132E-04
  -1.064399E-01   5.898132E-03   1.108351E-03
   1.940908E-02   4.288909E+00  -5.487720E-05
   6.151168E-03  -1.688655E-05  -1.069697E-04
   5.273579E-01
   2.552798E+00  -2.586856E-02  -3.510997E-02
   1.886472E-02  -5.639326E+00  -5.261781E-05
  -3.238473E-02   7.406256E-05   1.002223E-03
  -8.351355E-02   3.784681E-03   7.591275E-04
   1.925992E-02   3.903104E+00  -5.415593E-05
   6.100648E-03  -1.083567E-05  -1.055156E-04
   5.440468E-01
   2.615225E+00  -3.057129E-02  -3.608624E-02
   1.793640E-02  -5.566745E+00  -4.977434E-05
  -3.357468E-02   8.752665E-05   1.021417E-03
  -5.675589E-02   4.124646E-04   3.506150E-04
   1.909844E-02   3.534227E+00  -5.330045E-05
   5.977974E-03  -1.180900E-06  -1.029283E-04
   5.607358E-01
   2.678513E+00  -3.525302E-02  -3.707956E-02
   1.705188E-02  -5.478838E+00  -4.709269E-05
  -3.480534E-02   1.009306E-04   1.041233E-03
  -2.606488E-02  -4.479821E-03  -1.192439E-04
   1.892322E-02   3.182399E+00  -5.228877E-05
   5.777636E-03   1.282588E-05  -9.912120E-05
   5.774247E-01
   2.742512E+00  -3.950459E-02  -3.808776E-02
   1.621095E-02  -5.377111E+00  -4.460848E-05
  -3.607176E-02   1.131030E-04   1.061597E-03
   8.658257E-03  -1.110297E-02  -6.524927E-04
   1.873316E-02   2.847668E+00  -5.110385E-05
   5.494402E-03   3.178819E-05  -9.401095E-05
   5.941137E-01
   2.807103E+00  -4.279605E-02  -3.910905E-02
   1.541460E-02  -5.263003E+00  -4.237167E-05
  -3.736852E-02   1.225266E-04   1.082429E-03
   4.752610E-02  -1.956763E-02  -1.251424E-03
   1.852783E-02   2.530016E+00  -4.973879E-05
   5.123333E-03   5.602279E-05  -8.751791E-05
   6.108027E-01
   2.872197E+00  -4.449743E-02  -4.014202E-02
   1.466494E-02  -5.137886E+00  -4.044523E-05
  -3.868977E-02   1.273977E-04   1.103640E-03
   9.068648E-02  -2.982891E-02  -1.918907E-03
   1.830782E-02   2.229358E+00  -4.820328E-05
   4.659785E-03   8.540119E-05  -7.956627E-05
   6.274916E-01
   2.937716E+00  -4.392376E-02  -4.118543E-02
   1.396483E-02  -5.003064E+00  -3.890109E-05
  -4.002917E-02   1.257552E-04   1.125134E-03
   1.383461E-01  -4.163308E-02  -2.658754E-03
   1.807524E-02   1.945557E+00  -4.653051E-05
   4.099408E-03   1.191969E-04  -7.008401E-05
   6.441806E-01
   3.003577E+00  -4.040573E-02  -4.223781E-02
   1.331749E-02  -4.859777E+00  -3.781280E-05
  -4.137991E-02   1.156830E-04   1.146808E-03
   1.907925E-01  -5.447692E-02  -3.476045E-03
   1.783411E-02   1.678421E+00  -4.478358E-05
   3.438143E-03   1.559693E-04  -5.900310E-05
   6.608696E-01
   3.069650E+00  -3.338285E-02  -4.329689E-02
   1.272572E-02  -4.709204E+00  -3.724465E-05
  -4.273463E-02   9.557626E-05   1.168547E-03
   2.484081E-01  -6.759201E-02  -4.377344E-03
   1.759063E-02   1.427715E+00  -4.305985E-05
   2.672240E-03   1.935183E-04  -4.625980E-05
   6.775585E-01
   3.135710E+00  -2.250960E-02  -4.435884E-02
   1.219102E-02  -4.552464E+00  -3.723777E-05
  -4.408538E-02   6.444576E-05   1.190226E-03
   3.116712E-01  -7.996572E-02  -5.370693E-03
   1.735326E-02   1.193158E+00  -4.149136E-05
   1.798308E-03   2.289446E-04  -3.179569E-05
   6.942475E-01
   3.201387E+00  -7.759360E-03  -4.541745E-02
   1.171256E-02  -4.390619E+00  -3.779469E-05
  -4.542345E-02   2.221531E-05   1.211710E-03
   3.811359E-01  -9.040644E-02  -6.465284E-03
   1.713233E-02   9.744340E-01  -4.023963E-05
   8.134191E-04   2.588367E-04  -1.555938E-05
   7.109365E-01
   3.266111E+00   1.049353E-02  -4.646332E-02
   1.128630E-02  -4.224677E+00  -3.886465E-05
  -4.673938E-02  -3.004335E-05   1.232848E-03
   4.573881E-01  -9.765426E-02  -7.670752E-03
   1.693937E-02   7.711877E-01  -3.948376E-05
  -2.847250E-04   2.795875E-04   2.490651E-06
   7.276254E-01
   3.329079E+00   3.143434E-02  -4.748329E-02
   1.090418E-02  -4.055592E+00  -4.033280E-05
  -4.802289E-02  -8.999759E-05   1.253476E-03
   5.409765E-01  -1.005288E-01  -8.996075E-03
   1.678585E-02   5.830300E-01  -3.940150E-05
  -1.497566E-03   2.878173E-04   2.238236E-05
   7.443144E-01
   3.389243E+00   5.382798E-02  -4.846031E-02
   1.055393E-02  -3.884267E+00  -4.201659E-05
  -4.926294E-02  -1.541114E-04   1.273417E-03
   6.323226E-01  -9.809557E-02  -1.044816E-02
   1.668167E-02   4.095378E-01  -4.014483E-05
  -2.825409E-03   2.808510E-04   4.412556E-05
   7.610033E-01
   3.445334E+00   7.610716E-02  -4.937387E-02
   1.021946E-02  -3.711550E+00  -4.367213E-05
  -5.044788E-02  -2.178974E-04   1.292486E-03
   7.316234E-01  -8.982576E-02  -1.203026E-02
   1.663342E-02   2.502552E-01  -4.181294E-05
  -4.267131E-03   2.571742E-04   6.770719E-05
   7.776923E-01
   3.495934E+00   9.652451E-02  -5.020102E-02
   9.881922E-03  -3.538239E+00  -4.501187E-05
  -5.156577E-02  -2.763530E-04   1.310488E-03
   8.387584E-01  -7.571834E-02  -1.374060E-02
   1.664281E-02   1.046950E-01  -4.442702E-05
  -5.819917E-03   2.167842E-04   9.308704E-05
   7.943813E-01
   3.539577E+00   1.133511E-01  -5.091812E-02
   9.521499E-03  -3.365072E+00  -4.573302E-05
  -5.260470E-02  -3.245282E-04   1.327231E-03
   9.532243E-01  -5.635862E-02  -1.557123E-02
   1.670545E-02  -2.765872E-02  -4.791196E-05
  -7.479080E-03   1.613567E-04   1.201948E-04
   8.110702E-01
   3.574884E+00   1.250921E-01  -5.150295E-02
   9.119691E-03  -3.192729E+00  -4.555351E-05
  -5.355335E-02  -3.581430E-04   1.342532E-03
   1.074110E+00  -3.289510E-02  -1.750772E-02
   1.681048E-02  -1.473472E-01  -5.208967E-05
  -9.238013E-03   9.417979E-05   1.489292E-04
   8.277592E-01
   3.600708E+00   1.306828E-01  -5.193691E-02
   8.661713E-03  -3.021833E+00  -4.425033E-05
  -5.440139E-02  -3.741494E-04   1.356221E-03
   1.200125E+00  -6.931462E-03  -1.952963E-02
   1.694099E-02  -2.549314E-01  -5.668710E-05
  -1.108831E-02   1.984501E-05   1.791598E-04
   8.444482E-01
   3.616257E+00   1.296314E-01  -5.220712E-02
   8.138653E-03  -2.852940E+00  -4.169365E-05
  -5.514001E-02  -3.711392E-04   1.368153E-03
   1.329688E+00   1.965261E-02  -2.161182E-02
   1.707554E-02  -3.509864E-01  -6.135957E-05
  -1.302004E-02  -5.626609E-05   2.107317E-04
   8.611371E-01
   3.621185E+00   1.220815E-01  -5.230778E-02
   7.548960E-03  -2.686549E+00  -3.787036E-05
  -5.576218E-02  -3.495235E-04   1.378211E-03
   1.461052E+00   4.492376E-02  -2.372658E-02
   1.719040E-02  -4.360945E-01  -6.572693E-05
  -1.502221E-02  -1.286183E-04   2.434718E-04
   8.778261E-01
   3.615627E+00   1.087837E-01  -5.224070E-02
   6.898966E-03  -2.523099E+00  -3.289218E-05
  -5.626286E-02  -3.114514E-04   1.386308E-03
   1.592472E+00   6.712333E-02  -2.584617E-02
   1.726230E-02  -5.108385E-01  -6.941724E-05
  -1.708324E-02  -1.921764E-04   2.771977E-04
   8.945151E-01
   3.600167E+00   9.098342E-02  -5.201484E-02
   6.202292E-03  -2.362974E+00  -2.698611E-05
  -5.663894E-02  -2.604887E-04   1.392389E-03
   1.722360E+00   8.486377E-02  -2.794537E-02
   1.727121E-02  -5.757957E-01  -7.211089E-05
  -1.919155E-02  -2.429679E-04   3.117257E-04
   9.112040E-01
   3.575750E+00   7.024652E-02  -5.164486E-02
   5.478238E-03  -2.206508E+00  -2.046870E-05
  -5.688906E-02  -2.011182E-04   1.396425E-03
   1.849426E+00   9.726268E-02  -3.000368E-02
   1.720267E-02  -6.315338E-01  -7.357785E-05
  -2.133599E-02  -2.784664E-04   3.468785E-04
   9.278930E-01
   3.543547E+00   4.825534E-02  -5.114905E-02
   4.749419E-03  -2.053989E+00  -1.370823E-05
  -5.701326E-02  -1.381567E-04   1.398410E-03
   1.972767E+00   1.039974E-01  -3.200674E-02
   1.704936E-02  -6.786070E-01  -7.370198E-05
  -2.350622E-02  -2.977480E-04   3.824906E-04
   9.445819E-01
   3.504808E+00   2.661067E-02  -5.054685E-02
   4.039056E-03  -1.905665E+00  -7.081624E-06
  -5.701254E-02  -7.618725E-05   1.398353E-03
   2.091904E+00   1.052788E-01  -3.394691E-02
   1.681156E-02  -7.175550E-01  -7.248892E-05
  -2.569287E-02  -3.014169E-04   4.184112E-04
   9.612709E-01
   3.460710E+00   6.669141E-03  -4.985659E-02
   3.368376E-03  -1.761752E+00  -9.328986E-07
  -5.688850E-02  -1.909398E-05   1.396274E-03
   2.206752E+00   1.017592E-01  -3.582280E-02
   1.649664E-02  -7.489024E-01  -7.005734E-05
  -2.788757E-02  -2.913401E-04   4.545049E-04
   9.779599E-01
   3.412240E+00  -1.056371E-02  -4.909350E-02
   2.754506E-03  -1.622430E+00   4.460333E-06
  -5.664295E-02   3.024427E-05   1.392194E-03
   2.317550E+00   9.439563E-02  -3.763807E-02
   1.611767E-02  -7.731595E-01  -6.661640E-05
  -3.008284E-02  -2.702579E-04   4.906488E-04
   9.946488E-01
   3.360120E+00  -2.447816E-02  -4.826859E-02
   2.209128E-03  -1.487855E+00   8.908251E-06
  -5.627773E-02   7.008180E-05   1.386136E-03
   2.424747E+00   8.429883E-02  -3.939973E-02
   1.569141E-02  -7.908235E-01  -6.243416E-05
  -3.227183E-02  -2.413504E-04   5.267301E-04
   1.011338E+00
   3.304775E+00  -3.484746E-02  -4.738814E-02
   1.737985E-03  -1.358153E+00   1.231652E-05
  -5.579456E-02   9.976949E-05   1.378122E-03
   2.528889E+00   7.259090E-02  -4.111626E-02
   1.523618E-02  -8.023792E-01  -5.780300E-05
  -3.444810E-02  -2.078302E-04   5.626414E-04
   1.028027E+00
   3.246350E+00  -4.177132E-02  -4.645399E-02
   1.341189E-03  -1.233425E+00   1.468125E-05
  -5.519507E-02   1.195927E-04   1.368173E-03
   2.630507E+00   6.029114E-02  -4.279579E-02
   1.476985E-02  -8.082997E-01  -5.300735E-05
  -3.660538E-02  -1.726156E-04   5.982770E-04
   1.044716E+00
   3.184764E+00  -4.559320E-02  -4.546438E-02
   1.014133E-03  -1.113747E+00   1.607426E-05
  -5.448090E-02   1.305349E-04   1.356310E-03
   2.730030E+00   4.823978E-02  -4.444479E-02
   1.430821E-02  -8.090469E-01  -4.829799E-05
  -3.873737E-02  -1.381122E-04   6.335306E-04
   1.061405E+00
   3.119776E+00  -4.680935E-02  -4.441507E-02
   7.487709E-04  -9.991683E-01   1.662236E-05
  -5.365385E-02   1.340168E-04   1.342557E-03
   2.827728E+00   3.706082E-02  -4.606711E-02
   1.386391E-02  -8.050708E-01  -4.387507E-05
  -4.083769E-02  -1.061064E-04   6.682934E-04
   1.078094E+00
   3.051066E+00  -4.598394E-02  -4.330058E-02
   5.350118E-04  -8.897146E-01   1.648496E-05
  -5.271604E-02   1.316536E-04   1.326945E-03
   2.923689E+00   2.715897E-02  -4.766365E-02
   1.344601E-02  -7.968086E-01  -3.988032E-05
  -4.289980E-02  -7.775708E-05   7.024542E-04
   1.094783E+00
   2.978301E+00  -4.367973E-02  -4.211535E-02
   3.620249E-04  -7.853872E-01   1.583308E-05
  -5.167006E-02   1.250566E-04   1.309512E-03
   3.017825E+00   1.874170E-02  -4.923242E-02
   1.305993E-02  -7.846837E-01  -3.639741E-05
  -4.491712E-02  -5.365814E-05   7.359002E-04
   1.111472E+00
   2.901198E+00  -4.040876E-02  -4.085462E-02
   2.193041E-04  -6.861643E-01   1.483220E-05
  -5.051906E-02   1.156917E-04   1.290307E-03
   3.109892E+00   1.185626E-02  -5.076896E-02
   1.270789E-02  -7.691041E-01  -3.345828E-05
  -4.688309E-02  -3.394488E-05   7.685192E-04
   1.128161E+00
   2.819558E+00  -3.660313E-02  -3.951509E-02
   9.743007E-05  -5.920026E-01   1.363005E-05
  -4.926677E-02   1.047960E-04   1.269388E-03
   3.199532E+00   6.432495E-03  -5.226696E-02
   1.238950E-02  -7.504614E-01  -3.105319E-05
  -4.879133E-02  -1.841645E-05   8.002016E-04
   1.144849E+00
   2.733291E+00  -3.260304E-02  -3.809527E-02
  -1.148136E-05  -5.028385E-01   1.234945E-05
  -4.791754E-02   9.334363E-05   1.246825E-03
   3.286316E+00   2.324381E-03  -5.371892E-02
   1.210250E-02  -7.291299E-01  -2.914224E-05
  -5.063578E-02  -6.654783E-06   8.308424E-04
   1.161538E+00
   2.642419E+00  -2.865794E-02  -3.659553E-02
  -1.136041E-04  -4.185904E-01   1.108553E-05
  -4.647627E-02   8.204867E-05   1.222697E-03
   3.369780E+00  -6.542701E-04  -5.511686E-02
   1.184340E-02  -7.054649E-01  -2.766653E-05
  -5.241078E-02   1.873198E-06   8.603438E-04
   1.178227E+00
   2.547072E+00  -2.493602E-02  -3.501803E-02
  -2.134376E-04  -3.391606E-01   9.906340E-06
  -4.494830E-02   7.139268E-05   1.197089E-03
   3.449464E+00  -2.702074E-03  -5.645284E-02
   1.160816E-02  -6.798029E-01  -2.655793E-05
  -5.411123E-02   7.736131E-06   8.886164E-04
   1.194916E+00
   2.447471E+00  -2.153820E-02  -3.336646E-02
  -3.139840E-04  -2.644368E-01   8.855789E-06
  -4.333937E-02   6.166461E-05   1.170096E-03
   3.524937E+00  -4.010648E-03  -5.771941E-02
   1.139258E-02  -6.524608E-01  -2.574663E-05
  -5.573259E-02   1.148262E-05   9.155806E-04
   1.211605E+00
   2.343914E+00  -1.851338E-02  -3.164574E-02
  -4.170003E-04  -1.942945E-01   7.957742E-06
  -4.165546E-02   5.300446E-05   1.141815E-03
   3.595816E+00  -4.752639E-03  -5.890995E-02
   1.119271E-02  -6.237359E-01  -2.516659E-05
  -5.727097E-02   1.360697E-05   9.411672E-04
   1.228294E+00
   2.236751E+00  -1.587287E-02  -2.986173E-02
  -5.232764E-04  -1.285988E-01   7.220533E-06
  -3.990269E-02   4.544458E-05   1.112348E-03
   3.661775E+00  -5.075730E-03  -6.001876E-02
   1.100498E-02  -5.939058E-01  -2.475886E-05
  -5.872311E-02   1.453199E-05   9.653171E-04
   1.244983E+00
   2.126371E+00  -1.360279E-02  -2.802087E-02
  -6.329009E-04  -6.720569E-02   6.641289E-06
  -3.808725E-02   3.894526E-05   1.081796E-03
   3.722552E+00  -5.101001E-03  -6.104123E-02
   1.082640E-02  -5.632291E-01  -2.447330E-05
  -6.008636E-02   1.460434E-05   9.879818E-04
   1.261672E+00
   2.013180E+00  -1.167402E-02  -2.612999E-02
  -7.454936E-04  -9.964214E-03   6.209697E-06
  -3.621532E-02   3.342313E-05   1.050263E-03
   3.777949E+00  -4.924129E-03  -6.197375E-02
   1.065449E-02  -5.319450E-01  -2.426893E-05
  -6.135867E-02   1.409795E-05   1.009122E-03
   1.278361E+00
   1.897592E+00  -1.004966E-02  -2.419602E-02
  -8.603947E-04   4.328243E-02   5.911073E-06
  -3.429294E-02   2.877251E-05   1.017849E-03
   3.827826E+00  -4.618223E-03  -6.281372E-02
   1.048733E-02  -5.002748E-01  -2.411353E-05
  -6.253854E-02   1.322213E-05   1.028710E-03
   1.295050E+00
   1.780019E+00  -8.690184E-03  -2.222585E-02
  -9.768090E-04   9.269543E-02   5.728692E-06
  -3.232604E-02   2.488030E-05   9.846541E-04
   3.872095E+00  -4.237350E-03  -6.355942E-02
   1.032345E-02  -4.684215E-01  -2.398271E-05
  -6.362494E-02   1.213168E-05   1.046722E-03
   1.311739E+00
   1.660858E+00  -7.556938E-03  -2.022622E-02
  -1.093909E-03   1.384391E-01   5.645461E-06
  -3.032033E-02   2.163577E-05   9.507738E-04
   3.910717E+00  -3.820181E-03  -6.420991E-02
   1.016179E-02  -4.365711E-01  -2.385868E-05
  -6.461731E-02   1.093731E-05   1.063145E-03
   1.328428E+00
   1.540493E+00  -6.614101E-03  -1.820360E-02
  -1.210905E-03   1.806800E-01   5.645026E-06
  -2.828131E-02   1.893640E-05   9.163012E-04
   3.943692E+00  -3.393356E-03  -6.476494E-02
   1.000163E-02  -4.048929E-01  -2.372909E-05
  -6.551546E-02   9.715296E-06   1.077971E-03
   1.345117E+00
   1.419285E+00  -5.829739E-03  -1.616415E-02
  -1.327084E-03   2.195854E-01   5.712431E-06
  -2.621422E-02   1.669074E-05   8.813256E-04
   3.971056E+00  -2.974411E-03  -6.522483E-02
   9.842497E-03  -3.735404E-01  -2.358583E-05
  -6.631954E-02   8.515842E-06   1.091200E-03
   1.361806E+00
   1.297575E+00  -5.176152E-03  -1.411368E-02
  -1.441831E-03   2.553231E-01   5.834463E-06
  -2.412406E-02   1.481950E-05   8.459324E-04
   3.992870E+00  -2.574184E-03  -6.559037E-02
   9.684100E-03  -3.426517E-01  -2.342403E-05
  -6.702998E-02   7.369979E-06   1.102835E-03
   1.378495E+00
   1.175681E+00  -4.629797E-03  -1.205765E-02
  -1.554639E-03   2.880600E-01   5.999751E-06
  -2.201557E-02   1.325527E-05   8.102030E-04
   4.009219E+00  -2.198730E-03  -6.586277E-02
   9.526302E-03  -3.123508E-01  -2.324119E-05
  -6.764746E-02   6.295040E-06   1.112883E-03
   1.395184E+00
   1.053897E+00  -4.170975E-03  -1.000116E-02
  -1.665103E-03   3.179620E-01   6.198731E-06
  -1.989325E-02   1.194164E-05   7.742147E-04
   4.020207E+00  -1.850788E-03  -6.604351E-02
   9.369064E-03  -2.827477E-01  -2.303651E-05
  -6.817285E-02   5.298868E-06   1.121355E-03
   1.411873E+00
   9.324964E-01  -3.783386E-03  -7.948925E-03
  -1.772917E-03   3.451925E-01   6.423517E-06
  -1.776133E-02   1.083196E-05   7.380411E-04
   4.025951E+00  -1.530878E-03  -6.613435E-02
   9.212411E-03  -2.539395E-01  -2.281032E-05
  -6.860717E-02   4.382956E-06   1.128265E-03
   1.428562E+00
   8.117299E-01  -3.453661E-03  -5.905356E-03
  -1.877857E-03   3.699127E-01   6.667721E-06
  -1.562381E-02   9.887949E-06   7.017520E-04
   4.026579E+00  -1.238101E-03  -6.613726E-02
   9.056409E-03  -2.260111E-01  -2.256369E-05
  -6.895159E-02   3.544727E-06   1.133630E-03
   1.445251E+00
   6.918291E-01  -3.170896E-03  -3.874517E-03
  -1.979774E-03   3.922807E-01   6.926270E-06
  -1.348447E-02   9.078384E-06   6.654137E-04
   4.022228E+00  -9.707031E-04  -6.605435E-02
   8.901148E-03  -1.990357E-01  -2.229809E-05
  -6.920737E-02   2.779156E-06   1.137468E-03
   1.461940E+00
   5.730060E-01  -2.926230E-03  -1.860169E-03
  -2.078583E-03   4.124511E-01   7.195214E-06
  -1.134688E-02   8.377897E-06   6.290892E-04
   4.013039E+00  -7.264611E-04  -6.588783E-02
   8.746724E-03  -1.730758E-01  -2.201522E-05
  -6.937584E-02   2.079883E-06   1.139799E-03
   1.478629E+00
   4.554551E-01  -2.712473E-03   1.342151E-04
  -2.174250E-03   4.305746E-01   7.471556E-06
  -9.214422E-03   7.765903E-06   5.928384E-04
   3.999159E+00  -5.029469E-04  -6.564002E-02
   8.593237E-03  -1.481836E-01  -2.171681E-05
  -6.945838E-02   1.439954E-06   1.140643E-03
   1.495318E+00
   3.393543E-01  -2.523786E-03   2.105433E-03
  -2.266784E-03   4.467979E-01   7.753101E-06
  -7.090291E-03   7.225686E-06   5.567184E-04
   3.980736E+00  -2.976910E-04  -6.531328E-02
   8.440778E-03  -1.244018E-01  -2.140455E-05
  -6.945643E-02   8.522995E-07   1.140024E-03
   1.512007E+00
   2.248665E-01  -2.355418E-03   4.050532E-03
  -2.356229E-03   4.612631E-01   8.038322E-06
  -4.977528E-03   6.743641E-06   5.207836E-04
   3.957919E+00  -1.082833E-04  -6.491003E-02
   8.289428E-03  -1.017643E-01  -2.107999E-05
  -6.937142E-02   3.100189E-07   1.137962E-03
   1.528696E+00
   1.121403E-01  -2.203483E-03   5.966789E-03
  -2.442659E-03   4.741079E-01   8.326258E-06
  -2.879030E-03   6.308647E-06   4.850865E-04
   3.930860E+00   6.757234E-05  -6.443268E-02
   8.139256E-03  -8.029685E-02  -2.074450E-05
  -6.920483E-02  -1.934619E-07   1.134482E-03
   1.545385E+00
   1.311297E-03  -2.064785E-03   7.851699E-03
  -2.526169E-03   4.854650E-01   8.616418E-06
  -7.975662E-04   5.911550E-06   4.496771E-04
   3.899705E+00   2.320352E-04  -6.388366E-02
   7.990316E-03  -6.001736E-02  -2.039928E-05
  -6.895812E-02  -6.643246E-07   1.129607E-03
   1.562074E+00
  -1.074966E-01  -1.936669E-03   9.702953E-03
  -2.606876E-03   4.954623E-01   8.908721E-06
   1.264202E-03   5.544749E-06   4.146040E-04
   3.864604E+00   3.871245E-04  -6.326539E-02
   7.842648E-03  -4.093678E-02  -2.004526E-05
  -6.863275E-02  -1.108351E-06   1.123360E-03
   1.578763E+00
  -2.141706E-01  -1.816905E-03   1.151842E-02
  -2.684910E-03   5.042227E-01   9.203438E-06
   3.303709E-03   5.201861E-06   3.799141E-04
   3.825702E+00   5.347310E-04  -6.258028E-02
   7.696276E-03  -2.305951E-02  -1.968319E-05
  -6.823018E-02  -1.530953E-06   1.115766E-03
   1.595452E+00
  -3.186077E-01  -1.703595E-03   1.329616E-02
  -2.760417E-03   5.118639E-01   9.501154E-06
   5.318472E-03   4.877452E-06   3.456531E-04
   3.783141E+00   6.766366E-04  -6.183070E-02
   7.551207E-03  -6.383955E-03  -1.931353E-05
  -6.775187E-02  -1.937234E-06   1.106847E-03
   1.612140E+00
  -4.207144E-01  -1.595098E-03   1.503435E-02
  -2.833555E-03   5.184985E-01   9.802742E-06
   7.306074E-03   4.566821E-06   3.118655E-04
   3.737062E+00   8.145406E-04  -6.101900E-02
   7.407433E-03   9.096971E-03  -1.893649E-05
  -6.719928E-02  -2.332058E-06   1.096629E-03
   1.628829E+00
  -5.204052E-01  -1.489967E-03   1.673133E-02
  -2.904495E-03   5.242339E-01   1.010935E-05
   9.264154E-03   4.265828E-06   2.785949E-04
   3.687602E+00   9.500904E-04  -6.014748E-02
   7.264928E-03   2.339539E-02  -1.855200E-05
  -6.657384E-02  -2.720141E-06   1.085136E-03
   1.645518E+00
  -6.176028E-01  -1.386905E-03   1.838559E-02
  -2.973417E-03   5.291725E-01   1.042238E-05
   1.119040E-02   3.970756E-06   2.458841E-04
   3.634895E+00   1.084915E-03  -5.921841E-02
   7.123646E-03   3.652802E-02  -1.815967E-05
  -6.587702E-02  -3.106148E-06   1.072393E-03
   1.662207E+00
  -7.122365E-01  -1.284723E-03   1.999572E-02
  -3.040514E-03   5.334115E-01   1.074352E-05
   1.308252E-02   3.678206E-06   2.137757E-04
   3.579071E+00   1.220662E-03  -5.823401E-02
   6.983521E-03   4.851570E-02  -1.775874E-05
  -6.511026E-02  -3.494797E-06   1.058424E-03
   1.678896E+00
  -8.042424E-01  -1.182317E-03   2.156041E-02
  -3.105992E-03   5.370429E-01   1.107468E-05
   1.493826E-02   3.385013E-06   1.823113E-04
   3.520258E+00   1.359042E-03  -5.719645E-02
   6.844465E-03   5.938304E-02  -1.734808E-05
  -6.427503E-02  -3.890984E-06   1.043255E-03
   1.695585E+00
  -8.935624E-01  -1.078643E-03   2.307849E-02
  -3.170069E-03   5.401537E-01   1.141807E-05
   1.675540E-02   3.088191E-06   1.515325E-04
   3.458576E+00   1.501871E-03  -5.610782E-02
   6.706359E-03   6.915803E-02  -1.692606E-05
  -6.337282E-02  -4.299908E-06   1.026913E-03
   1.712274E+00
  -9.801440E-01  -9.727076E-04   2.454886E-02
  -3.232977E-03   5.428260E-01   1.177617E-05
   1.853170E-02   2.784895E-06   1.214805E-04
   3.394145E+00   1.651125E-03  -5.497018E-02
   6.569056E-03   7.787166E-02  -1.649046E-05
  -6.240514E-02  -4.727228E-06   1.009423E-03
   1.728963E+00
  -1.063939E+00  -8.635666E-04   2.597050E-02
  -3.294960E-03   5.451369E-01   1.215169E-05
   2.026496E-02   2.472421E-06   9.219642E-05
   3.327078E+00   1.809000E-03  -5.378550E-02
   6.432366E-03   8.555759E-02  -1.603842E-05
  -6.137352E-02  -5.179229E-06   9.908141E-04
   1.745652E+00
  -1.144906E+00  -7.503310E-04   2.734249E-02
  -3.356278E-03   5.471588E-01   1.254763E-05
   2.195296E-02   2.148223E-06   6.372104E-05
   3.257484E+00   1.977978E-03  -5.255571E-02
   6.296054E-03   9.225183E-02  -1.556622E-05
  -6.027955E-02  -5.663020E-06   9.711142E-04
   1.762341E+00
  -1.223004E+00  -6.321910E-04   2.866397E-02
  -3.417204E-03   5.489592E-01   1.296716E-05
   2.359351E-02   1.809984E-06   3.609510E-05
   3.185466E+00   2.160909E-03  -5.128261E-02
   6.159828E-03   9.799246E-02  -1.506913E-05
  -5.912484E-02  -6.186755E-06   9.503529E-04
   1.779030E+00
  -1.298198E+00  -5.084556E-04   2.993414E-02
  -3.478018E-03   5.506011E-01   1.341361E-05
   2.518441E-02   1.455726E-06   9.359187E-06
   3.111121E+00   2.361095E-03  -4.996794E-02
   6.023324E-03   1.028193E-01  -1.454122E-05
  -5.791109E-02  -6.759896E-06   9.285608E-04
   1.795719E+00
  -1.370456E+00  -3.786165E-04   3.115225E-02
  -3.539007E-03   5.521429E-01   1.389034E-05
   2.672346E-02   1.083992E-06  -1.644629E-05
   3.034540E+00   2.582400E-03  -4.861332E-02
   5.886093E-03   1.067737E-01  -1.397503E-05
  -5.664002E-02  -7.393501E-06   9.057700E-04
   1.812408E+00
  -1.439746E+00  -2.424429E-04   3.231758E-02
  -3.600454E-03   5.536385E-01   1.440055E-05
   2.820846E-02   6.941225E-07  -4.128109E-05
   2.955806E+00   2.829359E-03  -4.722028E-02
   5.747583E-03   1.098983E-01  -1.336131E-05
  -5.531345E-02  -8.100553E-06   8.820137E-04
   1.829097E+00
  -1.506039E+00  -1.001166E-04   3.342942E-02
  -3.662622E-03   5.551377E-01   1.494703E-05
   2.963723E-02   2.866372E-07  -6.510517E-05
   2.874993E+00   3.107304E-03  -4.579016E-02
   5.607112E-03   1.122366E-01  -1.268866E-05
  -5.393325E-02  -8.896319E-06   8.573268E-04
   1.845786E+00
  -1.569304E+00   4.758019E-05   3.448706E-02
  -3.725739E-03   5.566858E-01   1.553173E-05
   3.100760E-02  -1.362237E-07  -8.787877E-05
   2.792167E+00   3.422495E-03  -4.432420E-02
   5.463851E-03   1.138330E-01  -1.194310E-05
  -5.250138E-02  -9.798722E-06   8.317458E-04
   1.862475E+00
  -1.629508E+00   1.990095E-04   3.548971E-02
  -3.789962E-03   5.583243E-01   1.615525E-05
   3.231737E-02  -5.697711E-07  -1.095624E-04
   2.707381E+00   3.782249E-03  -4.282343E-02
   5.316791E-03   1.147326E-01  -1.110766E-05
  -5.101988E-02  -1.082871E-05   8.053085E-04
   1.879164E+00
  -1.686612E+00   3.513395E-04   3.643650E-02
  -3.855339E-03   5.600905E-01   1.681604E-05
   3.356440E-02  -1.005897E-06  -1.301168E-04
   2.620676E+00   4.195048E-03  -4.128869E-02
   5.164717E-03   1.149806E-01  -1.016196E-05
  -4.949087E-02  -1.201057E-05   7.780547E-04
   1.895853E+00
  -1.740570E+00   5.001048E-04   3.732642E-02
  -3.921750E-03   5.620179E-01   1.750935E-05
   3.474651E-02  -1.431817E-06  -1.495030E-04
   2.532080E+00   4.670621E-03  -3.972061E-02
   5.006183E-03   1.146226E-01  -9.081818E-06
  -4.791656E-02  -1.337215E-05   7.500260E-04
   1.912542E+00
  -1.791322E+00   6.386484E-04   3.815818E-02
  -3.988829E-03   5.641362E-01   1.822592E-05
   3.586155E-02  -1.828472E-06  -1.676825E-04
   2.441608E+00   5.219940E-03  -3.811961E-02
   4.839487E-03   1.137042E-01  -7.838978E-06
  -4.629927E-02  -1.494487E-05   7.212656E-04
   1.929231E+00
  -1.838789E+00   7.574331E-04   3.893017E-02
  -4.055872E-03   5.664717E-01   1.895019E-05
   3.690737E-02  -2.168557E-06  -1.846166E-04
   2.349257E+00   5.855113E-03  -3.648588E-02
   4.662666E-03   1.122707E-01  -6.401110E-06
  -4.464139E-02  -1.676339E-05   6.918187E-04
   1.945920E+00
  -1.882865E+00   8.432166E-04   3.964032E-02
  -4.121702E-03   5.690468E-01   1.965819E-05
   3.788179E-02  -2.414158E-06  -2.002668E-04
   2.255013E+00   6.589092E-03  -3.481943E-02
   4.473502E-03   1.103674E-01  -4.732139E-06
  -4.294544E-02  -1.886480E-05   6.617326E-04
   1.962609E+00
  -1.923410E+00   8.781037E-04   4.028593E-02
  -4.184530E-03   5.718807E-01   2.031500E-05
   3.878263E-02  -2.514041E-06  -2.145947E-04
   2.158851E+00   7.435137E-03  -3.312011E-02
   4.269566E-03   1.080389E-01  -2.793189E-06
  -4.121404E-02  -2.128705E-05   6.310569E-04
   1.979298E+00
  -1.960240E+00   8.385144E-04   4.086354E-02
  -4.241772E-03   5.749893E-01   2.087176E-05
   3.960766E-02  -2.400696E-06  -2.275612E-04
   2.060739E+00   8.405918E-03  -3.138779E-02
   4.048303E-03   1.053291E-01  -5.443573E-07
  -3.944995E-02  -2.406643E-05   5.998438E-04
   1.995987E+00
  -1.993114E+00   6.941444E-04   4.136873E-02
  -4.289864E-03   5.783853E-01   2.126265E-05
   4.035460E-02  -1.987359E-06  -2.391267E-04
   1.960651E+00   9.512170E-03  -2.962247E-02
   3.807188E-03   1.022813E-01   2.052359E-06
  -3.765610E-02  -2.723367E-05   5.681486E-04
   2.012676E+00
  -2.021724E+00   4.070519E-04   4.179595E-02
  -4.324066E-03   5.820782E-01   2.140182E-05
   4.102112E-02  -1.165404E-06  -2.492510E-04
   1.858575E+00   1.076078E-02  -2.782457E-02
   3.543955E-03   9.893786E-02   5.028668E-06
  -3.583561E-02  -3.080848E-05   5.360303E-04
   2.029365E+00
  -2.045688E+00  -6.893098E-05   4.213838E-02
  -4.338293E-03   5.860746E-01   2.118096E-05
   4.160478E-02   1.973518E-07  -2.578928E-04
   1.754542E+00   1.215222E-02  -2.599527E-02
   3.256946E-03   9.533996E-02   8.403797E-06
  -3.399186E-02  -3.479223E-05   5.035530E-04
   2.046054E+00
  -2.064539E+00  -7.881829E-04   4.238789E-02
  -4.325016E-03   5.903782E-01   2.046816E-05
   4.210309E-02   2.256595E-06  -2.650102E-04
   1.648642E+00   1.367729E-02  -2.413704E-02
   2.945562E-03   9.152757E-02   1.217631E-05
  -3.212857E-02  -3.915856E-05   4.707865E-04
   2.062742E+00
  -2.077733E+00  -1.812319E-03   4.253509E-02
  -4.275264E-03   5.949901E-01   1.910891E-05
   4.251349E-02   5.188731E-06  -2.705609E-04
   1.541068E+00   1.531320E-02  -2.225415E-02
   2.610851E-03   8.753923E-02   1.631390E-05
  -3.024988E-02  -4.384223E-05   4.378086E-04
   2.079431E+00
  -2.084652E+00  -3.207837E-03   4.256959E-02
  -4.178822E-03   5.999089E-01   1.693054E-05
   4.283342E-02   9.184148E-06  -2.745037E-04
   1.432149E+00   1.701921E-02  -2.035344E-02
   2.256203E-03   8.341188E-02   2.074151E-05
  -2.836043E-02  -4.872658E-05   4.047064E-04
   2.096120E+00
  -2.084639E+00  -5.041963E-03   4.248053E-02
  -4.024684E-03   6.051306E-01   1.375133E-05
   4.306042E-02   1.443531E-05  -2.767997E-04
   1.322398E+00   1.873218E-02  -1.844500E-02
   1.888115E-03   7.918070E-02   2.532860E-05
  -2.646556E-02  -5.363087E-05   3.715783E-04
   2.112809E+00
  -2.077035E+00  -7.376319E-03   4.225744E-02
  -3.801834E-03   6.106495E-01   9.395360E-06
   4.319224E-02   2.111865E-05  -2.774159E-04
   1.212554E+00   2.036274E-02  -1.654290E-02
   1.516938E-03   7.487894E-02   2.987717E-05
  -2.457133E-02  -5.829923E-05   3.385362E-04
   2.129498E+00
  -2.061256E+00  -1.025825E-02   4.189151E-02
  -3.500427E-03   6.164579E-01   3.714138E-06
   4.322710E-02   2.936974E-05  -2.763281E-04
   1.103619E+00   2.179290E-02  -1.466570E-02
   1.157497E-03   7.053785E-02   3.411278E-05
  -2.268466E-02  -6.239382E-05   3.057058E-04
   2.146187E+00
  -2.036874E+00  -1.371001E-02   4.137718E-02
  -3.113364E-03   6.225465E-01  -3.385228E-06
   4.316395E-02   3.925223E-05  -2.735269E-04
   9.968754E-01   2.287626E-02  -1.283662E-02
   8.293852E-04   6.618653E-02   3.768167E-05
  -2.081336E-02  -6.549552E-05   2.732279E-04
   2.162876E+00
  -2.003739E+00  -1.771639E-02   4.071410E-02
  -2.638218E-03   6.289051E-01  -1.190653E-05
   4.300279E-02   5.072263E-05  -2.690227E-04
   8.938716E-01   2.344214E-02  -1.108314E-02
   5.567429E-04   6.185204E-02   4.015762E-05
  -1.896606E-02  -6.711565E-05   2.412558E-04
   2.179565E+00
  -1.962091E+00  -2.221229E-02   3.990919E-02
  -2.079339E-03   6.355225E-01  -2.172882E-05
   4.274506E-02   6.359455E-05  -2.628521E-04
   7.963703E-01   2.330466E-02  -9.435901E-03
   3.672977E-04   5.755941E-02   4.106215E-05
  -1.715203E-02  -6.672205E-05   2.099525E-04
   2.196254E+00
  -1.912682E+00  -2.707210E-02   3.897853E-02
  -1.449870E-03   6.423873E-01  -3.257385E-05
   4.239396E-02   7.750835E-05  -2.550839E-04
   7.062404E-01   2.227758E-02  -7.926583E-03
   2.904886E-04   5.333188E-02   3.990068E-05
  -1.538086E-02  -6.378149E-05   1.794836E-04
   2.212943E+00
  -1.856864E+00  -3.210356E-02   3.794866E-02
  -7.732686E-04   6.494876E-01  -4.398362E-05
   4.195476E-02   9.191358E-05  -2.458224E-04
   6.252936E-01   2.019468E-02  -6.584925E-03
   3.546054E-04   4.919123E-02   3.621533E-05
  -1.366198E-02  -5.781806E-05   1.500088E-04
   2.229632E+00
  -1.796622E+00  -3.704884E-02   3.685683E-02
  -8.387067E-05   6.568116E-01  -5.531640E-05
   4.143483E-02   1.060721E-04  -2.352087E-04
   5.550705E-01   1.693441E-02  -5.434879E-03
   5.830450E-04   4.515811E-02   2.965193E-05
  -1.200397E-02  -4.848379E-05   1.216698E-04
   2.246321E+00
  -1.734525E+00  -4.159542E-02   3.574980E-02
   5.739883E-04   6.643471E-01  -6.576888E-05
   4.084360E-02   1.190891E-04  -2.234171E-04
   4.965949E-01   1.244610E-02  -4.490343E-03
   9.900213E-04   4.125252E-02   2.003446E-05
  -1.041387E-02  -3.563360E-05   9.457777E-05
   2.263010E+00
  -1.673580E+00  -4.539785E-02   3.468080E-02
   1.148632E-03   6.720819E-01  -7.443002E-05
   4.019206E-02   1.299756E-04  -2.106464E-04
   4.501302E-01   6.773521E-03  -3.751095E-03
   1.576315E-03   3.749415E-02   7.435994E-06
  -8.896411E-03  -1.939282E-05   6.880095E-05
   2.279699E+00
  -1.616970E+00  -4.811012E-02   3.370463E-02
   1.585584E-03   6.800026E-01  -8.036686E-05
   3.949206E-02   1.377409E-04  -1.971057E-04
   4.149828E-01   7.092202E-05  -3.199716E-03
   2.325859E-03   3.390267E-02  -7.768033E-06
  -7.453447E-03  -2.030522E-07   4.435528E-05
   2.296388E+00
  -1.567708E+00  -4.942546E-02   3.287138E-02
   1.833697E-03   6.880947E-01  -8.273583E-05
   3.875528E-02   1.415068E-04  -1.829966E-04
   3.894033E-01  -7.393415E-03  -2.800399E-03
   3.204039E-03   3.049774E-02  -2.487951E-05
  -6.083609E-03   2.116760E-05   2.120022E-05
   2.313077E+00
  -1.528243E+00  -4.911829E-02   3.221941E-02
   1.852149E-03   6.963414E-01  -8.090569E-05
   3.799211E-02   1.406273E-04  -1.684923E-04
   3.706284E-01  -1.524961E-02  -2.500332E-03
   4.158467E-03   2.729882E-02  -4.290267E-05
  -4.782401E-03   4.366017E-05  -7.579537E-07
   2.329766E+00
  -1.500068E+00  -4.708115E-02   3.176889E-02
   1.617199E-03   7.047240E-01  -7.457146E-05
   3.721050E-02   1.347949E-04  -1.537191E-04
   3.550878E-01  -2.305566E-02  -2.233990E-03
   5.122659E-03   2.432462E-02  -6.062028E-05
  -3.542745E-03   6.600913E-05  -2.165448E-05
   2.346455E+00
  -1.483431E+00  -4.334921E-02   3.151709E-02
   1.127393E-03   7.132204E-01  -6.383649E-05
   3.641512E-02   1.241103E-04  -1.387424E-04
   3.387698E-01  -3.034136E-02  -1.930117E-03
   6.022492E-03   2.159237E-02  -7.671681E-05
  -2.355996E-03   8.686837E-05  -4.164679E-05
   2.363144E+00
  -1.477191E+00  -3.810619E-02   3.143675E-02
   4.059981E-04   7.218065E-01  -4.924194E-05
   3.560688E-02   1.090993E-04  -1.235613E-04
   3.177014E-01  -3.666088E-02  -1.520487E-03
   6.784671E-03   1.911692E-02  -8.993320E-05
  -1.213282E-03   1.049613E-04  -6.089002E-05
   2.379833E+00
  -1.478889E+00  -3.166892E-02   3.147808E-02
  -5.001318E-04   7.304553E-01  -3.173148E-05
   3.478317E-02   9.066922E-05  -1.081136E-04
   2.884679E-01  -4.164502E-02  -9.490602E-04
   7.345913E-03   1.690982E-02  -9.922833E-05
  -1.069593E-04   1.192311E-04  -7.951125E-05
   2.396522E+00
  -1.485016E+00  -2.445204E-02   3.157440E-02
  -1.525384E-03   7.391387E-01  -1.255162E-05
   3.393850E-02   7.000704E-05  -9.229163E-05
   2.486799E-01  -4.504424E-02  -1.798383E-04
   7.661177E-03   1.497868E-02  -1.039179E-04
   9.680758E-04   1.289632E-04  -9.758751E-05
   2.413211E+00
  -1.491463E+00  -1.691851E-02   3.165068E-02
  -2.593229E-03   7.478281E-01   6.897731E-06
   3.306581E-02   4.843828E-05  -7.596526E-05
   1.972964E-01  -4.675413E-02   7.981036E-04
   7.709408E-03   1.332673E-02  -1.037640E-04
   2.013483E-03   1.338587E-04  -1.151316E-04
   2.429900E+00
  -1.494062E+00  -9.524906E-03   3.163334E-02
  -3.625724E-03   7.564953E-01   2.523659E-05
   3.215795E-02   2.727013E-05  -5.900959E-05
   1.347430E-01  -4.681941E-02   1.969416E-03
   7.495673E-03   1.195284E-02  -9.899698E-05
   3.027154E-03   1.340456E-04  -1.320890E-04
   2.446589E+00
  -1.489120E+00  -2.671121E-03   3.145971E-02
  -4.552951E-03   7.651138E-01   4.127056E-05
   3.120914E-02   7.647512E-06  -4.133078E-05
   6.280415E-02  -4.541642E-02   3.295298E-03
   7.049336E-03   1.085192E-02  -9.026736E-05
   4.003529E-03   1.300288E-04  -1.483458E-04
   2.463278E+00
  -1.473854E+00   3.337090E-03   3.108525E-02
  -5.320717E-03   7.736596E-01   5.411976E-05
   3.021619E-02  -9.554203E-06  -2.288603E-05
  -1.568139E-02  -4.281889E-02   4.719696E-03
   6.418775E-03   1.001558E-02  -7.853814E-05
   4.934464E-03   1.225920E-04  -1.637466E-04
   2.479967E+00
  -1.446657E+00   8.307860E-03   3.048763E-02
  -5.895297E-03   7.821114E-01   6.329085E-05
   2.917920E-02  -2.378569E-05  -3.694207E-06
  -9.725544E-02  -3.935466E-02   6.177541E-03
   5.663808E-03   9.433065E-03  -6.494100E-05
   5.810477E-03   1.126737E-04  -1.781177E-04
   2.496656E+00
  -1.407171E+00   1.216440E-02   2.966710E-02
  -6.264709E-03   7.904510E-01   6.868572E-05
   2.810173E-02  -3.482710E-05   1.616387E-05
  -1.783167E-01  -3.536173E-02   7.603415E-03
   4.847373E-03   9.092059E-03  -5.062495E-05
   6.622087E-03   1.012418E-04  -1.912917E-04
   2.513344E+00
  -1.356162E+00   1.493064E-02   2.864366E-02
  -6.436770E-03   7.986629E-01   7.055355E-05
   2.699038E-02  -4.274695E-05   3.655432E-05
  -2.555529E-01  -3.115117E-02   8.939112E-03
   4.027964E-03   8.979523E-03  -3.662387E-05
   7.361036E-03   8.918686E-05  -2.031289E-04
   2.530033E+00
  -1.295274E+00   1.670671E-02   2.745197E-02
  -6.434765E-03   8.067342E-01   6.940322E-05
   2.585406E-02  -4.783189E-05   5.730551E-05
  -3.262645E-01  -2.698125E-02   1.013902E-02
   3.253955E-03   9.082246E-03  -2.376199E-05
   8.021184E-03   7.724825E-05  -2.135315E-04
   2.546722E+00
  -1.226706E+00   1.764048E-02   2.613523E-02
  -6.291891E-03   8.146537E-01   6.589761E-05
   2.470300E-02  -5.050531E-05   7.822622E-05
  -3.885466E-01  -2.304459E-02   1.117283E-02
   2.560375E-03   9.387216E-03  -1.260551E-05
   8.598998E-03   6.597744E-05  -2.224516E-04
   2.563411E+00
  -1.152880E+00   1.790055E-02   2.473921E-02
  -6.045594E-03   8.224121E-01   6.075030E-05
   2.354781E-02  -5.124989E-05   9.912319E-05
  -4.413318E-01  -1.946676E-02   1.202575E-02
   1.968123E-03   9.881771E-03  -3.458465E-06
   9.093639E-03   5.573399E-05  -2.298904E-04
   2.580100E+00
  -1.076166E+00   1.765436E-02   2.330727E-02
  -5.732716E-03   8.300011E-01   5.464013E-05
   2.239866E-02  -5.054504E-05   1.198157E-04
  -4.843174E-01  -1.631359E-02   1.269670E-02
   1.485176E-03   1.055361E-02   3.607012E-06
   9.506708E-03   4.670636E-05  -2.358926E-04
   2.596789E+00
  -9.986719E-01   1.705314E-02   2.187696E-02
  -5.385959E-03   8.374133E-01   4.815187E-05
   2.126462E-02  -4.882373E-05   1.401458E-04
  -5.178190E-01  -1.360330E-02   1.319527E-02
   1.109090E-03   1.139072E-02   8.699224E-06
   9.841792E-03   3.894673E-05  -2.405367E-04
   2.613478E+00
  -9.221264E-01   1.622363E-02   2.047816E-02
  -5.031826E-03   8.446423E-01   4.174448E-05
   2.015336E-02  -4.644882E-05   1.599833E-04
  -5.425911E-01  -1.132028E-02   1.353832E-02
   8.300703E-04   1.238122E-02   1.204769E-05
   1.010390E-02   3.241035E-05  -2.439249E-04
   2.630167E+00
  -8.478360E-01   1.526542E-02   1.913262E-02
  -4.689898E-03   8.516823E-01   3.574341E-05
   1.907102E-02  -4.370543E-05   1.792279E-04
  -5.596489E-01  -9.427873E-03   1.374663E-02
   6.340150E-04   1.351332E-02   1.394684E-05
   1.029893E-02   2.699233E-05  -2.461724E-04
   2.646856E+00
  -7.766998E-01   1.425224E-02   1.785450E-02
  -4.373114E-03   8.585281E-01   3.035049E-05
   1.802221E-02  -4.080465E-05   1.978066E-04
  -5.701163E-01  -7.878936E-03   1.384221E-02
   5.051059E-04   1.477518E-02   1.470953E-05
   1.043315E-02   2.255766E-05  -2.473989E-04
   2.663545E+00
  -7.092636E-01   1.323552E-02   1.665159E-02
  -4.088704E-03   8.651756E-01   2.566438E-05
   1.701024E-02  -3.789374E-05   2.156709E-04
  -5.751100E-01  -6.623474E-03   1.384627E-02
   4.277602E-04   1.615493E-02   1.463333E-05
   1.051289E-02   1.896323E-05  -2.477226E-04
   2.680234E+00
  -6.457903E-01   1.224887E-02   1.552668E-02
  -3.839420E-03   8.716211E-01   2.170528E-05
   1.603725E-02  -3.506893E-05   2.327922E-04
  -5.756638E-01  -5.613601E-03   1.377798E-02
   3.879030E-04   1.764064E-02   1.397972E-05
   1.054424E-02   1.607193E-05  -2.472556E-04
   2.696923E+00
  -5.863344E-01   1.131251E-02   1.447902E-02
  -3.624812E-03   8.778620E-01   1.843935E-05
   1.510451E-02  -3.238810E-05   2.491576E-04
  -5.726861E-01  -4.806256E-03   1.365387E-02
   3.736422E-04   1.922037E-02   1.296412E-05
   1.053292E-02   1.376048E-05  -2.461017E-04
   2.713612E+00
  -5.308081E-01   1.043715E-02   1.350556E-02
  -3.442364E-03   8.838962E-01   1.579986E-05
   1.421258E-02  -2.988191E-05   2.647655E-04
  -5.669450E-01  -4.164334E-03   1.348762E-02
   3.754835E-04   2.088224E-02   1.175415E-05
   1.048420E-02   1.192263E-05  -2.443555E-04
   2.730301E+00
  -4.790367E-01   9.627074E-03   1.260192E-02
  -3.288426E-03   8.897229E-01   1.370397E-05
   1.336151E-02  -2.756264E-05   2.796232E-04
  -5.590718E-01  -3.656767E-03   1.329026E-02
   3.862327E-04   2.261444E-02   1.047313E-05
   1.040290E-02   1.046945E-05  -2.421023E-04
   2.746990E+00
  -4.307996E-01   8.882484E-03   1.176314E-02
  -3.158898E-03   8.953417E-01   1.206473E-05
   1.255097E-02  -2.543086E-05   2.937439E-04
  -5.495741E-01  -3.258036E-03   1.307051E-02
   4.007171E-04   2.440536E-02   9.206481E-06
   1.029339E-02   9.327868E-06  -2.394190E-04
   2.763679E+00
  -3.858595E-01   8.201095E-03   1.098415E-02
  -3.049704E-03   9.007530E-01   1.079897E-05
   1.178035E-02  -2.348002E-05   3.071450E-04
  -5.388554E-01  -2.947425E-03   1.283513E-02
   4.154282E-04   2.624363E-02   8.009163E-06
   1.015963E-02   8.438579E-06  -2.363748E-04
   2.780368E+00
  -3.439801E-01   7.579250E-03   1.026008E-02
  -2.957069E-03   9.059583E-01   9.831846E-06
   1.104886E-02  -2.169965E-05   3.198467E-04
  -5.272346E-01  -2.708228E-03   1.258938E-02
   4.281551E-04   2.811814E-02   6.912942E-06
   1.000524E-02   7.753751E-06  -2.330319E-04
   2.797057E+00
  -3.049376E-01   7.012620E-03   9.586410E-03
  -2.877675E-03   9.109593E-01   9.098862E-06
   1.035552E-02  -2.007737E-05   3.318717E-04
  -5.149644E-01  -2.527008E-03   1.233732E-02
   4.376500E-04   3.001814E-02   5.932803E-06
   9.833508E-03   7.234910E-06  -2.294469E-04
   2.813746E+00
  -2.685246E-01   6.496641E-03   8.959034E-03
  -2.808709E-03   9.157587E-01   8.546309E-06
   9.699261E-03  -1.860011E-05   3.432441E-04
  -5.022466E-01  -2.392959E-03   1.208215E-02
   4.433466E-04   3.193323E-02   5.072242E-06
   9.647440E-03   6.851123E-06  -2.256710E-04
   2.830435E+00
  -2.345523E-01   6.026764E-03   8.374254E-03
  -2.747854E-03   9.203597E-01   8.130641E-06
   9.078922E-03  -1.725483E-05   3.539891E-04
  -4.892451E-01  -2.297387E-03   1.182639E-02
   4.451354E-04   3.385343E-02   4.327369E-06
   9.449794E-03   6.577499E-06  -2.217508E-04
   2.847124E+00
  -2.028491E-01   5.598601E-03   7.828748E-03
  -2.693248E-03   9.247659E-01   7.817335E-06
   8.493256E-03  -1.602899E-05   3.641332E-04
  -4.760953E-01  -2.233294E-03   1.157211E-02
   4.431948E-04   3.576920E-02   3.689948E-06
   9.243104E-03   6.393997E-06  -2.177288E-04
   2.863813E+00
  -1.732591E-01   5.208003E-03   7.319518E-03
  -2.643418E-03   9.289816E-01   7.579530E-06
   7.940955E-03  -1.491069E-05   3.737036E-04
  -4.629112E-01  -2.195043E-03   1.132102E-02
   4.378678E-04   3.767144E-02   3.149547E-06
   9.029695E-03   6.284484E-06  -2.136437E-04
   2.880502E+00
  -1.456395E-01   4.851092E-03   6.843840E-03
  -2.597226E-03   9.330115E-01   7.396676E-06
   7.420656E-03  -1.388884E-05   3.827281E-04
  -4.497908E-01  -2.178107E-03   1.107457E-02
   4.295768E-04   3.955150E-02   2.694979E-06
   8.811703E-03   6.235994E-06  -2.095309E-04
   2.897191E+00
  -1.198585E-01   4.524273E-03   6.399212E-03
  -2.553795E-03   9.368606E-01   7.253284E-06
   6.930950E-03  -1.295315E-05   3.912352E-04
  -4.368194E-01  -2.178858E-03   1.083402E-02
   4.187682E-04   4.140123E-02   2.315222E-06
   8.591085E-03   6.238145E-06  -2.054222E-04
   2.913880E+00
  -9.579329E-02   4.224232E-03   5.983311E-03
  -2.512467E-03   9.405342E-01   7.137843E-06
   6.470391E-03  -1.209412E-05   3.992539E-04
  -4.240724E-01  -2.194411E-03   1.060045E-02
   4.058762E-04   4.321296E-02   1.999957E-06
   8.369627E-03   6.282674E-06  -2.013467E-04
   2.930569E+00
  -7.332838E-02   3.947924E-03   5.593960E-03
  -2.472748E-03   9.440383E-01   7.041916E-06
   6.037499E-03  -1.130304E-05   4.068133E-04
  -4.116165E-01  -2.222492E-03   1.037485E-02
   3.913038E-04   4.497948E-02   1.739844E-06
   8.148956E-03   6.363071E-06  -1.973302E-04
   2.947258E+00
  -5.235406E-02   3.692557E-03   5.229098E-03
  -2.434273E-03   9.473786E-01   6.959412E-06
   5.630772E-03  -1.057192E-05   4.139430E-04
  -3.995113E-01  -2.261336E-03   1.015803E-02
   3.754120E-04   4.669409E-02   1.526634E-06
   7.930544E-03   6.474282E-06  -1.933960E-04
   2.963946E+00
  -3.276546E-02   3.455575E-03   4.886760E-03
  -2.396778E-03   9.505616E-01   6.886006E-06
   5.248690E-03  -9.893430E-06   4.206724E-04
  -3.878097E-01  -2.309601E-03   9.950761E-03
   3.585168E-04   4.835057E-02   1.353160E-06
   7.715718E-03   6.612467E-06  -1.895646E-04
   2.980635E+00
  -1.446175E-02   3.234638E-03   4.565063E-03
  -2.360070E-03   9.535935E-01   6.818690E-06
   4.889722E-03  -9.260881E-06   4.270313E-04
  -3.765584E-01  -2.366303E-03   9.753664E-03
   3.408899E-04   4.994318E-02   1.213286E-06
   7.505663E-03   6.774808E-06  -1.858538E-04
   2.997324E+00
   2.654455E-03   3.027600E-03   4.262189E-03
  -2.324013E-03   9.564812E-01   6.755427E-06
   4.552334E-03  -8.668122E-06   4.330491E-04
  -3.657985E-01  -2.430763E-03   9.567289E-03
   3.227610E-04   5.146665E-02   1.101804E-06
   7.301430E-03   6.959358E-06  -1.822793E-04
   3.014013E+00
   1.867747E-02   2.832485E-03   3.976384E-03
  -2.288513E-03   9.592312E-01   6.694897E-06
   4.234992E-03  -8.109502E-06   4.387550E-04
  -3.555657E-01  -2.502561E-03   9.392088E-03
   3.043225E-04   5.291619E-02   1.014335E-06
   7.103939E-03   7.164920E-06  -1.788540E-04
   3.030702E+00
   3.369884E-02   2.647471E-03   3.705951E-03
  -2.253506E-03   9.618505E-01   6.636300E-06
   3.936169E-03  -7.579801E-06   4.441780E-04
  -3.458901E-01  -2.581509E-03   9.228428E-03
   2.857336E-04   5.428747E-02   9.472220E-07
   6.913992E-03   7.390948E-06  -1.755890E-04
   3.047391E+00
   4.780752E-02   2.470865E-03   3.449241E-03
  -2.218950E-03   9.643460E-01   6.579215E-06
   3.654349E-03  -7.074172E-06   4.493468E-04
  -3.367974E-01  -2.667621E-03   9.076590E-03
   2.671246E-04   5.557660E-02   8.974285E-07
   6.732267E-03   7.637490E-06  -1.724929E-04
   3.064080E+00
   6.108998E-02   2.301084E-03   3.204658E-03
  -2.184820E-03   9.667246E-01   6.523498E-06
   3.388034E-03  -6.588083E-06   4.542895E-04
  -3.283082E-01  -2.761102E-03   8.936771E-03
   2.486011E-04   5.678016E-02   8.624543E-07
   6.559336E-03   7.905130E-06  -1.695725E-04
   3.080769E+00
   7.363030E-02   2.136635E-03   2.970654E-03
  -2.151103E-03   9.689935E-01   6.469208E-06
   3.135742E-03  -6.117260E-06   4.590337E-04
  -3.204384E-01  -2.862338E-03   8.809091E-03
   2.302474E-04   5.789514E-02   8.402567E-07
   6.395659E-03   8.194972E-06  -1.668325E-04
   3.097458E+00
   8.551016E-02   1.976097E-03   2.745728E-03
  -2.117796E-03   9.711597E-01   6.416556E-06
   2.896016E-03  -5.657633E-06   4.636064E-04
  -3.131998E-01  -2.971892E-03   8.693594E-03
   2.121300E-04   5.891896E-02   8.291872E-07
   6.241596E-03   8.508630E-06  -1.642758E-04
   3.114147E+00
   9.680891E-02   1.818103E-03   2.528427E-03
  -2.084902E-03   9.732301E-01   6.365870E-06
   2.667428E-03  -5.205292E-06   4.680342E-04
  -3.065998E-01  -3.090511E-03   8.590250E-03
   1.942997E-04   5.984946E-02   8.279387E-07
   6.097408E-03   8.848240E-06  -1.619035E-04
   3.130836E+00
   1.076036E-01   1.661326E-03   2.317347E-03
  -2.052430E-03   9.752117E-01   6.317569E-06
   2.448574E-03  -4.756434E-06   4.723427E-04
  -3.006421E-01  -3.219135E-03   8.498962E-03
   1.767941E-04   6.068486E-02   8.355038E-07
   5.963265E-03   9.216494E-06  -1.597150E-04
   3.147525E+00
   1.179688E-01   1.504461E-03   2.111127E-03
  -2.020393E-03   9.771115E-01   6.272154E-06
   2.238086E-03  -4.307325E-06   4.765569E-04
  -2.953264E-01  -3.358917E-03   8.419565E-03
   1.596393E-04   6.142378E-02   8.511438E-07
   5.839246E-03   9.616694E-06  -1.577082E-04
   3.164214E+00
   1.279769E-01   1.346217E-03   1.908459E-03
  -1.988807E-03   9.789362E-01   6.230202E-06
   2.034628E-03  -3.854265E-06   4.807011E-04
  -2.906487E-01  -3.511248E-03   8.351832E-03
   1.428510E-04   6.206521E-02   8.743667E-07
   5.725344E-03   1.005282E-05  -1.558792E-04
   3.180903E+00
   1.376977E-01   1.185302E-03   1.708079E-03
  -1.957694E-03   9.806928E-01   6.192360E-06
   1.836902E-03  -3.393560E-06   4.847986E-04
  -2.866019E-01  -3.677793E-03   8.295478E-03
   1.264355E-04   6.260849E-02   9.049152E-07
   5.621472E-03   1.052965E-05  -1.542228E-04
   3.197592E+00
   1.471990E-01   1.020421E-03   1.508773E-03
  -1.927077E-03   9.823877E-01   6.159349E-06
   1.643647E-03  -2.921501E-06   4.888720E-04
  -2.831755E-01  -3.860534E-03   8.250161E-03
   1.103900E-04   6.305329E-02   9.427641E-07
   5.527464E-03   1.105284E-05  -1.527324E-04
   3.214281E+00
   1.565458E-01   8.502736E-04   1.309376E-03
  -1.896984E-03   9.840275E-01   6.131974E-06
   1.453642E-03  -2.434363E-06   4.929429E-04
  -2.803559E-01  -4.061826E-03   8.215487E-03
   9.470293E-05   6.339965E-02   9.881264E-07
   5.443078E-03   1.162915E-05  -1.513998E-04
   3.230970E+00
   1.658008E-01   6.735563E-04   1.108771E-03
  -1.867448E-03   9.856187E-01   6.111124E-06
   1.265711E-03  -1.928415E-06   4.970321E-04
  -2.781267E-01  -4.284467E-03   8.191014E-03
   7.935340E-05   6.364788E-02   1.041471E-06
   5.368000E-03   1.226658E-05  -1.502158E-04
   3.247659E+00
   1.750245E-01   4.889788E-04   9.058923E-04
  -1.838503E-03   9.871674E-01   6.097783E-06
   1.078720E-03  -1.399963E-06   5.011593E-04
  -2.764689E-01  -4.531783E-03   8.176256E-03
   6.431048E-05   6.379862E-02   1.103551E-06
   5.301847E-03   1.297465E-05  -1.491698E-04
   3.264348E+00
   1.842745E-01   2.952898E-04   6.997228E-04
  -1.810190E-03   9.886798E-01   6.093036E-06
   8.915821E-04  -8.454249E-07   5.053431E-04
  -2.753608E-01  -4.807726E-03   8.170685E-03
   4.953183E-05   6.385276E-02   1.175445E-06
   5.244170E-03   1.376468E-05  -1.482500E-04
   3.281037E+00
   1.936064E-01   9.132117E-05   4.892967E-04
  -1.782556E-03   9.901618E-01   6.098070E-06
   7.032598E-04  -2.614556E-07   5.096013E-04
  -2.747786E-01  -5.117003E-03   8.173739E-03
   3.496176E-05   6.381148E-02   1.258616E-06
   5.194454E-03   1.465016E-05  -1.474434E-04
   3.297726E+00
   2.030730E-01  -1.239442E-04   2.736987E-04
  -1.755652E-03   9.916191E-01   6.114175E-06
   5.127653E-04   3.548564E-07   5.139503E-04
  -2.746965E-01  -5.465222E-03   8.184825E-03
   2.052857E-05   6.367619E-02   1.354986E-06
   5.152123E-03   1.564712E-05  -1.467361E-04
   3.314415E+00
   2.127246E-01  -3.512705E-04   5.206413E-05
  -1.729533E-03   9.930573E-01   6.142727E-06
   3.191639E-04   1.005700E-06   5.184057E-04
  -2.750868E-01  -5.859063E-03   8.203327E-03
   6.140995E-06   6.344856E-02   1.467033E-06
   5.116544E-03   1.677470E-05  -1.461130E-04
   3.331104E+00
   2.226090E-01  -5.910231E-04  -1.764223E-04
  -1.704260E-03   9.944818E-01   6.185165E-06
   1.215761E-04   1.692119E-06   5.229815E-04
  -2.759202E-01  -6.306481E-03   8.228612E-03
  -8.316352E-06   6.313044E-02   1.597913E-06
   5.087025E-03   1.805567E-05  -1.455581E-04
   3.347793E+00
   2.327717E-01  -8.429610E-04  -4.125282E-04
  -1.679899E-03   9.958978E-01   6.242938E-06
  -8.082019E-05   2.413426E-06   5.276908E-04
  -2.771666E-01  -6.816941E-03   8.260040E-03
  -2.298881E-05   6.272388E-02   1.751618E-06
   5.062823E-03   1.951714E-05  -1.450545E-04
   3.364482E+00
   2.432556E-01  -1.105949E-03  -6.569772E-04
  -1.656514E-03   9.973102E-01   6.317418E-06
  -2.887873E-04   3.166371E-06   5.325452E-04
  -2.787949E-01  -7.401678E-03   8.296976E-03
  -3.805888E-05   6.223114E-02   1.933158E-06
   5.043143E-03   2.119126E-05  -1.445844E-04
   3.381171E+00
   2.541016E-01  -1.377566E-03  -9.104552E-04
  -1.634168E-03   9.987239E-01   6.409767E-06
  -5.030254E-04   3.944018E-06   5.375552E-04
  -2.807739E-01  -8.073973E-03   8.338798E-03
  -5.375519E-05   6.165459E-02   2.148790E-06
   5.027145E-03   2.311606E-05  -1.441295E-04
   3.397860E+00
   2.653486E-01  -1.653566E-03  -1.173620E-03
  -1.612913E-03   1.000144E+00   6.520732E-06
  -7.241707E-04   4.734216E-06   5.427296E-04
  -2.830727E-01  -8.849454E-03   8.384915E-03
  -7.036308E-05   6.099677E-02   2.406281E-06
   5.013946E-03   2.533629E-05  -1.436704E-04
   3.414548E+00
   2.770341E-01  -1.927178E-03  -1.447116E-03
  -1.592783E-03   1.001574E+00   6.650341E-06
  -9.527937E-04   5.517577E-06   5.480763E-04
  -2.856617E-01  -9.746366E-03   8.434783E-03
  -8.823718E-05   6.026033E-02   2.715213E-06
   5.002622E-03   2.790418E-05  -1.431876E-04
   3.431237E+00
   2.891949E-01  -2.188171E-03  -1.731597E-03
  -1.573775E-03   1.003018E+00   6.797466E-06
  -1.189398E-03   6.264810E-06   5.536013E-04
  -2.885129E-01  -1.078580E-02   8.487921E-03
  -1.078156E-04   5.944803E-02   3.087314E-06
   4.992219E-03   3.088013E-05  -1.426610E-04
   3.447926E+00
   3.018684E-01  -2.421659E-03  -2.027755E-03
  -1.555830E-03   1.004482E+00   6.959213E-06
  -1.434420E-03   6.933294E-06   5.593098E-04
  -2.916010E-01  -1.199183E-02   8.543933E-03
  -1.296349E-04   5.856270E-02   3.536801E-06
   4.981752E-03   3.433302E-05  -1.420699E-04
   3.464615E+00
   3.150938E-01  -2.606582E-03  -2.336367E-03
  -1.538801E-03   1.005968E+00   7.130074E-06
  -1.688231E-03   7.462735E-06   5.652052E-04
  -2.949040E-01  -1.339140E-02   8.602519E-03
  -1.543455E-04   5.760727E-02   4.080695E-06
   4.970213E-03   3.834005E-05  -1.413939E-04
   3.481304E+00
   3.289146E-01  -2.713833E-03  -2.658354E-03
  -1.522411E-03   1.007482E+00   7.300805E-06
  -1.951136E-03   7.769798E-06   5.712901E-04
  -2.984042E-01  -1.501397E-02   8.663492E-03
  -1.827244E-04   5.658472E-02   4.739048E-06
   4.956575E-03   4.298552E-05  -1.406120E-04
   3.497993E+00
   3.433816E-01  -2.704005E-03  -2.994856E-03
  -1.506197E-03   1.009026E+00   7.456931E-06
  -2.223385E-03   7.741658E-06   5.775658E-04
  -3.020881E-01  -1.689062E-02   8.726774E-03
  -2.156823E-04   5.549812E-02   5.534994E-06
   4.939801E-03   4.835842E-05  -1.397035E-04
   3.514682E+00
   3.585564E-01  -2.524775E-03  -3.347336E-03
  -1.489436E-03   1.010604E+00   7.576871E-06
  -2.505174E-03   7.228517E-06   5.840328E-04
  -3.059465E-01  -1.905243E-02   8.792385E-03
  -2.542597E-04   5.435064E-02   6.494467E-06
   4.918842E-03   5.454777E-05  -1.386478E-04
   3.531371E+00
   3.745167E-01  -2.108029E-03  -3.717704E-03
  -1.471052E-03   1.012222E+00   7.629608E-06
  -2.796659E-03   6.035361E-06   5.906912E-04
  -3.099729E-01  -2.152795E-02   8.860390E-03
  -2.996043E-04   5.314555E-02   7.645406E-06
   4.892641E-03   6.163527E-05  -1.374241E-04
   3.548060E+00
   3.913619E-01  -1.366916E-03  -4.108459E-03
  -1.449508E-03   1.013882E+00   7.571972E-06
  -3.097967E-03   3.913528E-06   5.975408E-04
  -3.141604E-01  -2.433926E-02   8.930814E-03
  -3.529190E-04   5.188632E-02   9.016155E-06
   4.860130E-03   6.968414E-05  -1.360117E-04
   3.564749E+00
   4.092202E-01  -1.931926E-04  -4.522855E-03
  -1.422676E-03   1.015589E+00   7.345627E-06
  -3.409213E-03   5.531171E-07   6.045816E-04
  -3.184965E-01  -2.749637E-02   9.003480E-03
  -4.153663E-04   5.057671E-02   1.063275E-05
   4.820221E-03   7.872305E-05  -1.343893E-04
   3.581438E+00
   4.282551E-01   1.544554E-03  -4.965056E-03
  -1.387709E-03   1.017347E+00   6.874054E-06
  -3.730516E-03  -4.422113E-06   6.118142E-04
  -3.229542E-01  -3.098965E-02   9.077774E-03
  -4.879134E-04   4.922086E-02   1.251465E-05
   4.771785E-03   8.872444E-05  -1.325349E-04
   3.598127E+00
   4.486718E-01   4.000970E-03  -5.440267E-03
  -1.340917E-03   1.019161E+00   6.059998E-06
  -4.062015E-03  -1.145492E-05   6.192402E-04
  -3.274785E-01  -3.477996E-02   9.152289E-03
  -5.710985E-04   4.782348E-02   1.466857E-05
   4.713627E-03   9.957622E-05  -1.304246E-04
   3.614816E+00
   4.707209E-01   7.351128E-03  -5.954794E-03
  -1.277692E-03   1.021036E+00   4.784182E-06
  -4.403873E-03  -2.104653E-05   6.268622E-04
  -3.319683E-01  -3.878654E-02   9.224351E-03
  -6.647028E-04   4.639005E-02   1.707999E-05
   4.644434E-03   1.110472E-04  -1.280315E-04
   3.631505E+00
   4.946975E-01   1.178342E-02  -6.515962E-03
  -1.192513E-03   1.022976E+00   2.906389E-06
  -4.756277E-03  -3.373634E-05   6.346835E-04
  -3.362513E-01  -4.287316E-02   9.289399E-03
  -7.673178E-04   4.492705E-02   1.970223E-05
   4.562721E-03   1.227473E-04  -1.253242E-04
   3.648194E+00
   5.209308E-01   1.748654E-02  -7.131810E-03
  -1.079100E-03   1.024987E+00   2.703929E-07
  -5.119403E-03  -5.006456E-05   6.427075E-04
  -3.400549E-01  -4.683354E-02   9.340250E-03
  -8.758132E-04   4.344224E-02   2.244340E-05
   4.466754E-03   1.340860E-04  -1.222651E-04
   3.664883E+00
   5.497626E-01   2.462898E-02  -7.810477E-03
  -9.307854E-04   1.027072E+00  -3.285515E-06
  -5.493359E-03  -7.051361E-05   6.509357E-04
  -3.429715E-01  -5.037812E-02   9.366298E-03
  -9.847379E-04   4.194484E-02   2.515206E-05
   4.354463E-03   1.442343E-04  -1.188078E-04
   3.681572E+00
   5.815076E-01   3.333001E-02  -8.559150E-03
  -7.411825E-04   1.029233E+00  -7.910663E-06
  -5.878067E-03  -9.542496E-05   6.593649E-04
  -3.444263E-01  -5.312529E-02   9.352759E-03
  -1.085724E-03   4.044573E-02   2.760366E-05
   4.223360E-03   1.520995E-04  -1.148960E-04
   3.698261E+00
   6.163939E-01   4.362215E-02  -9.382533E-03
  -5.052127E-04   1.031473E+00  -1.371547E-05
  -6.273099E-03  -1.248917E-04   6.679827E-04
  -3.436510E-01  -5.460129E-02   9.280130E-03
  -1.167018E-03   3.895742E-02   2.949068E-05
   4.070478E-03   1.563254E-04  -1.104614E-04
   3.714950E+00
   6.544816E-01   5.540711E-02  -1.028081E-02
  -2.205142E-04   1.033790E+00  -2.073609E-05
  -6.677446E-03  -1.586325E-04   6.767620E-04
  -3.396755E-01  -5.425390E-02   9.124143E-03
  -1.213311E-03   3.749380E-02   3.042116E-05
   3.892361E-03   1.553308E-04  -1.054242E-04
   3.731639E+00
   6.955627E-01   6.840973E-02  -1.124718E-02
   1.108277E-04   1.036179E+00  -2.889213E-05
  -7.089237E-03  -1.958594E-04   6.856540E-04
  -3.313508E-01  -5.148502E-02   8.856489E-03
  -1.206106E-03   3.606961E-02   2.993077E-05
   3.685141E-03   1.474034E-04  -9.969579E-05
   3.748328E+00
   7.390534E-01   8.213786E-02  -1.226538E-02
   4.804057E-04   1.038632E+00  -3.794222E-05
  -7.505440E-03  -2.351635E-04   6.945814E-04
  -3.174153E-01  -4.570612E-02   8.446659E-03
  -1.124845E-03   3.469943E-02   2.751406E-05
   3.444743E-03   1.308582E-04  -9.318360E-05
   3.765017E+00
   7.450277E-01  -1.108712E-01  -1.227564E-02
   1.017335E-03   1.038590E+00  -5.227360E-05
  -7.810310E-03   3.174279E-04   7.004779E-04
  -3.053734E-01   1.420527E-01   8.105540E-03
  -3.059434E-03   3.705631E-02   7.970601E-05
   3.192318E-03  -4.067017E-04  -8.648932E-05
   3.781706E+00
   7.893903E-01  -1.250518E-01  -1.330395E-02
   1.496807E-03   1.040695E+00  -6.370446E-05
  -8.219667E-03   3.580277E-04   7.091111E-04
  -2.971572E-01   1.427666E-01   7.868519E-03
  -3.132081E-03   3.561878E-02   8.118868E-05
   2.933205E-03  -4.087457E-04  -7.971534E-05
   3.798395E+00
   8.355225E-01  -1.394125E-01  -1.436565E-02
   2.011397E-03   1.042846E+00  -7.588525E-05
  -8.627124E-03   3.991428E-04   7.176285E-04
  -2.838297E-01   1.410891E-01   7.505542E-03
  -3.135424E-03   3.415537E-02   8.090519E-05
   2.641774E-03  -4.039429E-04  -7.220748E-05
   3.815084E+00
   8.825425E-01  -1.534872E-01  -1.543844E-02
   2.547530E-03   1.045048E+00  -8.846697E-05
  -9.028583E-03   4.394390E-04   7.259325E-04
  -2.647365E-01   1.368767E-01   7.002370E-03
  -3.058044E-03   3.266789E-02   7.860148E-05
   2.316273E-03  -3.918826E-04  -6.393297E-05
   3.831773E+00
   9.293582E-01  -1.667623E-01  -1.649535E-02
   3.088001E-03   1.047310E+00  -1.010191E-04
  -9.419331E-03   4.774461E-04   7.339127E-04
  -2.394086E-01   1.301002E-01   6.349618E-03
  -2.891554E-03   3.116004E-02   7.410352E-05
   1.955647E-03  -3.724813E-04  -5.487663E-05
   3.848462E+00
   9.747154E-01  -1.787094E-01  -1.750603E-02
   3.612777E-03   1.049637E+00  -1.130515E-04
  -9.794207E-03   5.116510E-04   7.414497E-04
  -2.076335E-01   1.208614E-01   5.544343E-03
  -2.631823E-03   2.963769E-02   6.734493E-05
   1.559750E-03  -3.460304E-04  -4.504536E-05
   3.865151E+00
   1.017271E+00  -1.888233E-01  -1.843856E-02
   4.100255E-03   1.052037E+00  -1.240457E-04
  -1.014783E-02   5.406077E-04   7.484209E-04
  -1.695109E-01   1.093986E-01   4.591233E-03
  -2.279951E-03   2.810897E-02   5.838773E-05
   1.129501E-03  -3.132121E-04  -3.447157E-05
   3.881839E+00
   1.055687E+00  -1.966628E-01  -1.926180E-02
   4.528864E-03   1.054515E+00  -1.334947E-04
  -1.047488E-02   5.630523E-04   7.547077E-04
  -1.254841E-01   9.607966E-02   3.503164E-03
  -1.842813E-03   2.658408E-02   4.743217E-05
   6.669742E-04  -2.750794E-04  -2.321456E-05
   3.898528E+00
   1.088734E+00  -2.018871E-01  -1.994782E-02
   4.878855E-03   1.057073E+00  -1.409454E-04
  -1.077046E-02   5.780096E-04   7.602032E-04
  -7.633813E-02   8.138098E-02   2.300964E-03
  -1.333040E-03   2.507489E-02   3.481287E-05
   1.753847E-04  -2.329966E-04  -1.135969E-05
   3.915217E+00
   1.115397E+00  -2.042857E-01  -2.047431E-02
   5.134057E-03   1.059712E+00  -1.460389E-04
  -1.103036E-02   5.848770E-04   7.648190E-04
  -2.316293E-02   6.585548E-02   1.012335E-03
  -7.683785E-04   2.359434E-02   2.098033E-05
  -3.410292E-04  -1.885465E-04   9.850894E-07
   3.931906E+00
   1.134956E+00  -2.037953E-01  -2.082642E-02
   5.283351E-03   1.062430E+00  -1.485432E-04
  -1.125135E-02   5.834729E-04   7.684914E-04
   3.271848E-02   5.009150E-02  -3.300023E-04
  -1.704654E-04   2.215566E-02   6.469112E-06
  -8.772254E-04  -1.434137E-04   1.369489E-05
   3.948595E+00
   1.147049E+00  -2.005025E-01  -2.099801E-02
   5.321662E-03   1.065220E+00  -1.483737E-04
  -1.143136E-02   5.740457E-04   7.711851E-04
   8.984732E-02   3.466858E-02  -1.690718E-03
   4.368540E-04   2.077159E-02  -8.143731E-06
  -1.427656E-03  -9.925734E-05   2.663531E-05
   3.965284E+00
   1.151692E+00  -1.946323E-01  -2.099196E-02
   5.250328E-03   1.068076E+00  -1.455985E-04
  -1.156958E-02   5.572390E-04   7.728944E-04
   1.467407E-01   2.011526E-02  -3.034556E-03
   1.029444E-03   1.945359E-02  -2.228467E-05
  -1.986611E-03  -5.759069E-05   3.967055E-05
   3.981973E+00
   1.149265E+00  -1.865234E-01  -2.081960E-02
   5.076799E-03   1.070986E+00  -1.404279E-04
  -1.166639E-02   5.340229E-04   7.736413E-04
   2.020029E-01   6.873937E-03  -4.328926E-03
   1.584787E-03   1.821120E-02  -3.542829E-05
  -2.548553E-03  -1.968032E-05   5.267146E-05
   3.998662E+00
   1.140458E+00  -1.765951E-01  -2.049933E-02
   4.813735E-03   1.073940E+00  -1.331907E-04
  -1.172321E-02   5.055977E-04   7.734721E-04
   2.544222E-01  -4.723446E-03  -5.546104E-03
   2.083643E-03   1.705159E-02  -4.713481E-05
  -3.108428E-03   1.352339E-05   6.552233E-05
   4.015351E+00
   1.126194E+00  -1.653099E-01  -2.005464E-02
   4.477656E-03   1.076924E+00  -1.242994E-04
  -1.174234E-02   4.732881E-04   7.724517E-04
   3.030427E-01  -1.446697E-02  -6.664786E-03
   2.511262E-03   1.597933E-02  -5.707641E-05
  -3.661890E-03   4.141943E-05   7.812591E-05
   4.032040E+00
   1.107542E+00  -1.531372E-01  -1.951198E-02
   4.087344E-03   1.079927E+00  -1.142127E-04
  -1.172663E-02   4.384370E-04   7.706567E-04
   3.472042E-01  -2.226781E-02  -7.670879E-03
   2.858049E-03   1.499646E-02  -6.505027E-05
  -4.205437E-03   6.375349E-05   9.040617E-05
   4.048729E+00
   1.085618E+00  -1.405204E-01  -1.889844E-02
   3.662224E-03   1.082935E+00  -1.033963E-04
  -1.167923E-02   4.023149E-04   7.681694E-04
   3.865499E-01  -2.814663E-02  -8.557524E-03
   3.119665E-03   1.410264E-02  -7.097826E-05
  -4.736460E-03   8.058477E-05   1.023088E-04
   4.065418E+00
   1.061502E+00  -1.278536E-01  -1.823989E-02
   3.220907E-03   1.085938E+00  -9.229002E-05
  -1.160335E-02   3.660491E-04   7.650713E-04
   4.210057E-01  -3.221437E-02  -9.324470E-03
   3.296627E-03   1.329555E-02  -7.489531E-05
  -5.253197E-03   9.223086E-05   1.137998E-04
   4.082107E+00
   1.036174E+00  -1.154646E-01  -1.755942E-02
   2.780044E-03   1.088927E+00  -8.128169E-05
  -1.150204E-02   3.305790E-04   7.614392E-04
   4.507369E-01  -3.464887E-02  -9.976964E-03
   3.393537E-03   1.257130E-02  -7.692958E-05
  -5.754628E-03   9.920090E-05   1.248627E-04
   4.098796E+00
   1.010464E+00  -1.036086E-01  -1.687640E-02
   2.353546E-03   1.091892E+00  -7.069068E-05
  -1.137805E-02   2.966349E-04   7.573412E-04
   4.760930E-01  -3.567063E-02  -1.052438E-02
   3.418097E-03   1.192488E-02  -7.727816E-05
  -6.240333E-03   1.021262E-04   1.354948E-04
   4.115485E+00
   9.850327E-01  -9.246806E-02  -1.620596E-02
   1.952196E-03   1.094827E+00  -6.076024E-05
  -1.123376E-02   2.647392E-04   7.528359E-04
   4.975482E-01  -3.552047E-02  -1.097879E-02
   3.380046E-03   1.135062E-02  -7.618171E-05
  -6.710323E-03   1.016963E-04   1.457032E-04
   4.132174E+00
   9.603614E-01  -8.215847E-02  -1.555899E-02
   1.583593E-03   1.097727E+00  -5.165772E-05
  -1.107110E-02   2.352225E-04   7.479710E-04
   5.156437E-01  -3.444069E-02  -1.135360E-02
   3.290160E-03   1.084254E-02  -7.390095E-05
  -7.164891E-03   9.860489E-05   1.555010E-04
   4.148863E+00
   9.367673E-01  -7.273779E-02  -1.494247E-02
   1.252366E-03   1.100586E+00  -4.348072E-05
  -1.089165E-02   2.082508E-04   7.427845E-04
   5.309394E-01  -3.266079E-02  -1.166245E-02
   3.159389E-03   1.039460E-02  -7.069694E-05
  -7.604474E-03   9.350898E-05   1.649046E-04
   4.165552E+00
   9.144223E-01  -6.421765E-02  -1.435998E-02
   9.605623E-04   1.103404E+00  -3.626709E-05
  -1.069660E-02   1.838573E-04   7.373060E-04
   5.439747E-01  -3.038777E-02  -1.191832E-02
   2.998188E-03   1.000101E-02  -6.681594E-05
  -8.029541E-03   8.700124E-05   1.739303E-04
   4.182241E+00
   8.933801E-01  -5.657474E-02  -1.381239E-02
   7.081306E-04   1.106176E+00  -3.000687E-05
  -1.048688E-02   1.619754E-04   7.315578E-04
   5.552422E-01  -2.780062E-02  -1.213296E-02
   2.816051E-03   9.656250E-03  -6.247925E-05
  -8.440521E-03   7.959413E-05   1.825934E-04
   4.198930E+00
   8.736038E-01  -4.976145E-02  -1.329852E-02
   4.934332E-04   1.108903E+00  -2.465447E-05
  -1.026318E-02   1.424687E-04   7.255567E-04
   5.651707E-01  -2.504824E-02  -1.231652E-02
   2.621233E-03   9.355240E-03  -5.787743E-05
  -8.837750E-03   7.171397E-05   1.909066E-04
   4.215619E+00
   8.549933E-01  -4.371500E-02  -1.281575E-02
   3.137274E-04   1.111582E+00  -2.014009E-05
  -1.002604E-02   1.251575E-04   7.193159E-04
   5.741183E-01  -2.224996E-02  -1.247741E-02
   2.420633E-03   9.093308E-03  -5.316819E-05
  -9.221451E-03   6.370241E-05   1.988799E-04
   4.232308E+00
   8.374085E-01  -3.836479E-02  -1.236063E-02
   1.655893E-04   1.114214E+00  -1.637945E-05
  -9.775925E-03   1.098397E-04   7.128463E-04
   5.823719E-01  -1.949778E-02  -1.262237E-02
   2.219796E-03   8.866204E-03  -4.847704E-05
  -9.591724E-03   5.582282E-05   2.065202E-04
   4.248997E+00
   8.446721E-01  -2.150272E-02  -1.227689E-02
  -7.432403E-04   1.115838E+00   7.068940E-06
  -9.581888E-03   6.156302E-05   7.071525E-04
   3.690051E-01  -1.540649E-02  -7.836479E-03
  -1.431358E-03   8.144942E-03   3.200538E-05
  -9.315410E-03   4.410931E-05   1.997453E-04
   4.265686E+00
   8.377605E-01  -1.842278E-02  -1.208222E-02
  -6.177073E-04   1.118370E+00   4.322861E-06
  -9.333072E-03   5.274506E-05   7.008740E-04
   3.955922E-01  -1.436769E-02  -8.399096E-03
  -1.301267E-03   7.977523E-03   2.921484E-05
  -9.713446E-03   4.113518E-05   2.079765E-04
   4.282375E+00
   8.285789E-01  -1.588078E-02  -1.183911E-02
  -5.218068E-04   1.120854E+00   2.249193E-06
  -9.064424E-03   4.546723E-05   6.942097E-04
   4.209662E-01  -1.322926E-02  -8.933299E-03
  -1.176053E-03   7.840311E-03   2.653188E-05
  -1.009487E-02   3.787582E-05   2.158120E-04
   4.299064E+00
   8.174955E-01  -1.379448E-02  -1.155597E-02
  -4.501533E-04   1.123290E+00   7.239289E-07
  -8.777855E-03   3.949407E-05   6.872033E-04
   4.449699E-01  -1.206519E-02  -9.435742E-03
  -1.058699E-03   7.729218E-03   2.402421E-05
  -1.045879E-02   3.454305E-05   2.232362E-04
   4.315753E+00
   8.048397E-01  -1.208829E-02  -1.124033E-02
  -3.979364E-04   1.125679E+00  -3.632567E-07
  -8.475156E-03   3.460920E-05   6.798957E-04
   4.675248E-01  -1.092442E-02  -9.904874E-03
  -9.508385E-04   7.640661E-03   2.172865E-05
  -1.080461E-02   3.127698E-05   2.302398E-04
   4.332441E+00
   7.908973E-01  -1.069552E-02  -1.089864E-02
  -3.610204E-04   1.128023E+00  -1.106908E-06
  -8.157982E-03   3.062163E-05   6.723238E-04
   4.886096E-01  -9.837268E-03  -1.034042E-02
  -8.531345E-04   7.571462E-03   1.965993E-05
  -1.113196E-02   2.816444E-05   2.368184E-04
   4.349130E+00
   7.759104E-01  -9.558932E-03  -1.053637E-02
  -3.359530E-04   1.130322E+00  -1.585717E-06
  -7.827846E-03   2.736755E-05   6.645215E-04
   5.082412E-01  -8.820697E-03  -1.074297E-02
  -7.655870E-04   7.518770E-03   1.781777E-05
  -1.144061E-02   2.525396E-05   2.429709E-04
   4.365819E+00
   7.600803E-01  -8.630507E-03  -1.015804E-02
  -3.199212E-04   1.132577E+00  -1.863657E-06
  -7.486130E-03   2.470944E-05   6.565193E-04
   5.264614E-01  -7.882387E-03  -1.111364E-02
  -6.877721E-04   7.479991E-03   1.619234E-05
  -1.173046E-02   2.256755E-05   2.486989E-04
   4.382508E+00
   7.435723E-01  -7.870562E-03  -9.767318E-03
  -3.106776E-04   1.134789E+00  -1.991719E-06
  -7.134093E-03   2.253369E-05   6.483447E-04
   5.433259E-01  -7.023831E-03  -1.145387E-02
  -6.190180E-04   7.452748E-03   1.476828E-05
  -1.200148E-02   2.010947E-05   2.540054E-04
   4.399197E+00
   7.265206E-01  -7.246719E-03  -9.367185E-03
  -3.064580E-04   1.136960E+00  -2.009858E-06
  -6.772891E-03   2.074761E-05   6.400225E-04
   5.588972E-01  -6.242588E-03  -1.176523E-02
  -5.585314E-04   7.434836E-03   1.352754E-05
  -1.225373E-02   1.787274E-05   2.588948E-04
   4.415886E+00
   7.090338E-01  -6.732795E-03  -8.960021E-03
  -3.058993E-04   1.139090E+00  -1.948900E-06
  -6.403586E-03   1.927622E-05   6.315756E-04
   5.732394E-01  -5.533872E-03  -1.204931E-02
  -5.054821E-04   7.424208E-03   1.245128E-05
  -1.248726E-02   1.584367E-05   2.633721E-04
   4.432575E+00
   6.911992E-01  -6.307767E-03  -8.547723E-03
  -3.079631E-04   1.141181E+00  -1.832290E-06
  -6.027160E-03   1.805936E-05   6.230247E-04
   5.864153E-01  -4.891657E-03  -1.230765E-02
  -4.590583E-04   7.418950E-03   1.152115E-05
  -1.270218E-02   1.400498E-05   2.674426E-04
   4.449264E+00
   6.730872E-01  -5.954838E-03  -8.131803E-03
  -3.118706E-04   1.143233E+00  -1.677598E-06
  -5.644531E-03   1.704891E-05   6.143889E-04
   5.984837E-01  -4.309400E-03  -1.254171E-02
  -4.185000E-04   7.417271E-03   1.071998E-05
  -1.289862E-02   1.233796E-05   2.711122E-04
   4.465953E+00
   6.547543E-01  -5.660637E-03  -7.713460E-03
  -3.170461E-04   1.145248E+00  -1.497794E-06
  -5.256556E-03   1.620660E-05   6.056859E-04
   6.094992E-01  -3.780510E-03  -1.275283E-02
  -3.831164E-04   7.417496E-03   1.003217E-05
  -1.307671E-02   1.082373E-05   2.743867E-04
   4.482642E+00
   6.362464E-01  -5.414547E-03  -7.293652E-03
  -3.230721E-04   1.147227E+00  -1.302288E-06
  -4.864045E-03   1.550204E-05   5.969323E-04
   6.195110E-01  -3.298627E-03  -1.294224E-02
  -3.522936E-04   7.418062E-03   9.443885E-06
  -1.323659E-02   9.444084E-06   2.772719E-04
   4.499331E+00
   6.176011E-01  -5.208157E-03  -6.873143E-03
  -3.296523E-04   1.149172E+00  -1.097758E-06
  -4.467768E-03   1.491113E-05   5.881435E-04
   6.285634E-01  -2.857778E-03  -1.311102E-02
  -3.254962E-04   7.417513E-03   8.943053E-06
  -1.337842E-02   8.181917E-06   2.797739E-04
   4.516020E+00
   5.988490E-01  -5.034813E-03  -6.452549E-03
  -3.365822E-04   1.151083E+00  -8.888131E-07
  -4.068456E-03   1.441484E-05   5.793342E-04
   6.366955E-01  -2.452445E-03  -1.326015E-02
  -3.022638E-04   7.414495E-03   8.519284E-06
  -1.350236E-02   7.021435E-06   2.818986E-04
   4.532709E+00
   5.800158E-01  -4.889261E-03  -6.032370E-03
  -3.437270E-04   1.152962E+00  -6.785023E-07
  -3.666810E-03   1.399812E-05   5.705182E-04
   6.439421E-01  -2.077584E-03  -1.339051E-02
  -2.822064E-04   7.407759E-03   8.163764E-06
  -1.360856E-02   5.948195E-06   2.836520E-04
   4.549398E+00
   5.611231E-01  -4.767367E-03  -5.613013E-03
  -3.510039E-04   1.154809E+00  -4.687096E-07
  -3.263505E-03   1.364914E-05   5.617086E-04
   6.503332E-01  -1.728605E-03  -1.350285E-02
  -2.649986E-04   7.396158E-03   7.869117E-06
  -1.369721E-02   4.949056E-06   2.850400E-04
   4.566087E+00
   5.421893E-01  -4.665895E-03  -5.194816E-03
  -3.583685E-04   1.156628E+00  -2.604547E-07
  -2.859191E-03   1.335862E-05   5.529180E-04
   6.558953E-01  -1.401336E-03  -1.359786E-02
  -2.503735E-04   7.378642E-03   7.629266E-06
  -1.376847E-02   4.012074E-06   2.860684E-04
   4.582776E+00
   5.232304E-01  -4.582332E-03  -4.778062E-03
  -3.658052E-04   1.158418E+00  -5.412117E-08
  -2.454494E-03   1.311938E-05   5.441585E-04
   6.606511E-01  -1.091974E-03  -1.367612E-02
  -2.381173E-04   7.354261E-03   7.439305E-06
  -1.382253E-02   3.126360E-06   2.867433E-04
   4.599465E+00
   5.042604E-01  -4.514761E-03  -4.362988E-03
  -3.733189E-04   1.160181E+00   1.503724E-07
  -2.050025E-03   1.292592E-05   5.354416E-04
   6.646199E-01  -7.970324E-04  -1.373815E-02
  -2.280647E-04   7.322164E-03   7.295387E-06
  -1.385957E-02   2.281931E-06   2.870705E-04
   4.616154E+00
   4.852917E-01  -4.461756E-03  -3.949798E-03
  -3.809298E-04   1.161919E+00   3.534430E-07
  -1.646373E-03   1.277416E-05   5.267783E-04
   6.678181E-01  -5.132836E-04  -1.378438E-02
  -2.200944E-04   7.281593E-03   7.194634E-06
  -1.387978E-02   1.469548E-06   2.870558E-04
   4.632843E+00
   4.663356E-01  -4.422311E-03  -3.538669E-03
  -3.886685E-04   1.163632E+00   5.557453E-07
  -1.244113E-03   1.266123E-05   5.181795E-04
   6.702593E-01  -2.377072E-04  -1.381520E-02
  -2.141268E-04   7.231886E-03   7.135059E-06
  -1.388335E-02   6.805640E-07   2.867052E-04
   4.649532E+00
   4.474021E-01  -4.395793E-03  -3.129753E-03
  -3.965731E-04   1.165323E+00   7.580969E-07
  -8.438035E-04   1.258531E-05   5.096553E-04
   6.719541E-01   3.256440E-05  -1.383091E-02
  -2.101214E-04   7.172471E-03   7.115521E-06
  -1.387048E-02  -9.323299E-08   2.860244E-04
   4.666221E+00
   4.285008E-01  -4.381905E-03  -2.723187E-03
  -4.046861E-04   1.166993E+00   9.614173E-07
  -4.459906E-04   1.254555E-05   5.012159E-04
   6.729107E-01   3.002982E-04  -1.383177E-02
  -2.080765E-04   7.102870E-03   7.135696E-06
  -1.384137E-02  -8.597641E-07   2.850193E-04
   4.682910E+00
   4.096402E-01  -4.380674E-03  -2.319093E-03
  -4.130520E-04   1.168642E+00   1.166677E-06
  -5.120667E-05   1.254202E-05   4.928708E-04
   6.731343E-01   5.682103E-04  -1.381798E-02
  -2.080289E-04   7.022693E-03   7.196076E-06
  -1.379622E-02  -1.626806E-06   2.836956E-04
   4.699599E+00
   3.908287E-01  -4.392454E-03  -1.917580E-03
  -4.217151E-04   1.170273E+00   1.374846E-06
   3.400275E-04   1.257575E-05   4.846295E-04
   6.726277E-01   8.390148E-04  -1.378965E-02
  -2.100554E-04   6.931635E-03   7.297984E-06
  -1.373525E-02  -2.402128E-06   2.820592E-04
   4.716288E+00
   3.720743E-01  -4.417943E-03  -1.518752E-03
  -4.307167E-04   1.171887E+00   1.586843E-06
   7.272017E-04   1.264872E-05   4.765010E-04
   6.713906E-01   1.115472E-03  -1.374686E-02
  -2.142755E-04   6.829479E-03   7.443627E-06
  -1.365865E-02  -3.193635E-06   2.801157E-04
   4.732977E+00
   3.533847E-01  -4.458219E-03  -1.122709E-03
  -4.400921E-04   1.173485E+00   1.803473E-06
   1.109816E-03   1.276403E-05   4.684944E-04
   6.694195E-01   1.400436E-03  -1.368962E-02
  -2.208550E-04   6.716089E-03   7.636161E-06
  -1.356664E-02  -4.009495E-06   2.778707E-04
   4.749666E+00
   3.347679E-01  -4.514794E-03  -7.295540E-04
  -4.498665E-04   1.175068E+00   2.025340E-06
   1.487377E-03   1.292601E-05   4.606182E-04
   6.667074E-01   1.696897E-03  -1.361783E-02
  -2.300114E-04   6.591412E-03   7.879802E-06
  -1.345943E-02  -4.858273E-06   2.753298E-04
   4.766355E+00
   3.162324E-01  -4.589694E-03  -3.393964E-04
  -4.600497E-04   1.176637E+00   2.252750E-06
   1.859401E-03   1.314045E-05   4.528810E-04
   6.632435E-01   2.008030E-03  -1.353136E-02
  -2.420208E-04   6.455473E-03   8.179950E-06
  -1.333722E-02  -5.749058E-06   2.724984E-04
   4.783043E+00
   2.977876E-01  -4.685560E-03   4.763672E-05
  -4.706284E-04   1.178195E+00   2.485554E-06
   2.225408E-03   1.341492E-05   4.452911E-04
   6.590126E-01   2.337231E-03  -1.342995E-02
  -2.572262E-04   6.308374E-03   8.543366E-06
  -1.320021E-02  -6.691573E-06   2.693818E-04
   4.799732E+00
   2.794441E-01  -4.805788E-03   4.313898E-04
  -4.815565E-04   1.179741E+00   2.722955E-06
   2.584921E-03   1.375913E-05   4.378568E-04
   6.539942E-01   2.688154E-03  -1.331324E-02
  -2.760477E-04   6.150294E-03   8.978370E-06
  -1.304860E-02  -7.696277E-06   2.659850E-04
   4.816421E+00
   2.612153E-01  -4.954701E-03   8.116627E-04
  -4.927409E-04   1.181278E+00   2.963228E-06
   2.937462E-03   1.418548E-05   4.305863E-04
   6.481622E-01   3.064729E-03  -1.318076E-02
  -2.989949E-04   5.981480E-03   9.495086E-06
  -1.288259E-02  -8.774424E-06   2.623129E-04
   4.833110E+00
   2.431175E-01  -5.137781E-03   1.188189E-03
  -5.040229E-04   1.182806E+00   3.203351E-06
   3.282552E-03   1.470964E-05   4.234879E-04
   6.414836E-01   3.471169E-03  -1.303189E-02
  -3.266803E-04   5.802252E-03   1.010572E-05
  -1.270235E-02  -9.938077E-06   2.583700E-04
   4.849799E+00
   2.251723E-01  -5.361945E-03   1.560605E-03
  -5.151523E-04   1.184326E+00   3.438491E-06
   3.619702E-03   1.535143E-05   4.165700E-04
   6.339177E-01   3.911944E-03  -1.286588E-02
  -3.598350E-04   5.612994E-03   1.082486E-05
  -1.250805E-02  -1.120003E-05   2.541607E-04
   4.866488E+00
   2.074079E-01  -5.635911E-03   1.928414E-03
  -5.257534E-04   1.185839E+00   3.661323E-06
   3.948409E-03   1.613581E-05   4.098413E-04
   6.254152E-01   4.391703E-03  -1.268175E-02
  -3.993241E-04   5.414155E-03   1.166981E-05
  -1.229984E-02  -1.257360E-05   2.496887E-04
   4.883177E+00
   1.898622E-01  -5.970630E-03   2.290926E-03
  -5.352784E-04   1.187347E+00   3.861110E-06
   4.268147E-03   1.709412E-05   4.033108E-04
   6.159171E-01   4.915138E-03  -1.247838E-02
  -4.461625E-04   5.206236E-03   1.266091E-05
  -1.207785E-02  -1.407221E-05   2.449575E-04
   4.899866E+00
   1.725864E-01  -6.379830E-03   2.647194E-03
  -5.429470E-04   1.188849E+00   4.022488E-06
   4.578355E-03   1.826567E-05   3.969884E-04
   6.053535E-01   5.486726E-03  -1.225439E-02
  -5.015273E-04   4.989792E-03   1.382176E-05
  -1.184221E-02  -1.570868E-05   2.399700E-04
   4.916555E+00
   1.941717E-01  -8.778339E-03   2.187070E-03
  -5.648595E-04   1.191112E+00   3.914309E-06
   4.768137E-03   2.513269E-05   3.932004E-04
   6.897138E-01   3.473649E-03  -1.393118E-02
   1.017753E-03   4.355960E-03  -1.687930E-05
  -1.186805E-02  -9.945178E-06   2.402343E-04
   4.933244E+00
   1.800020E-01  -9.845331E-03   2.477886E-03
  -5.792989E-04   1.192591E+00   4.160621E-06
   5.050714E-03   2.818752E-05   3.874663E-04
   6.862670E-01   4.271393E-03  -1.384976E-02
   1.132234E-03   4.116412E-03  -1.911537E-05
  -1.163254E-02  -1.222914E-05   2.352816E-04
   4.949933E+00
   1.658805E-01  -1.100153E-02   2.766950E-03
  -5.984110E-04   1.194068E+00   4.496139E-06
   5.323174E-03   3.149775E-05   3.819480E-04
   6.827579E-01   5.143750E-03  -1.376790E-02
   1.256378E-03   3.871415E-03  -2.154507E-05
  -1.138725E-02  -1.472673E-05   2.301519E-04
   4.966622E+00
   1.517383E-01  -1.225786E-02   3.055692E-03
  -6.237491E-04   1.195543E+00   4.951861E-06
   5.585312E-03   3.509467E-05   3.766481E-04
   6.792098E-01   6.085850E-03  -1.368609E-02
   1.390544E-03   3.621577E-03  -2.417580E-05
  -1.113261E-02  -1.742400E-05   2.248541E-04
   4.983311E+00
   1.374901E-01  -1.362691E-02   3.345874E-03
  -6.571813E-04   1.197017E+00   5.565035E-06
   5.836970E-03   3.901431E-05   3.715683E-04
   6.756375E-01   7.090064E-03  -1.360467E-02
   1.534946E-03   3.367504E-03  -2.701216E-05
  -1.086903E-02  -2.029910E-05   2.193968E-04
   5.000000E+00
   1.230323E-01  -1.512278E-02   3.639619E-03
  -7.009187E-04   1.198491E+00   6.379747E-06
   6.078044E-03   4.329704E-05   3.667093E-04
   6.720430E-01   8.145332E-03  -1.352370E-02
   1.689574E-03   3.109785E-03  -3.005437E-05
  -1.059691E-02  -2.332036E-05   2.137882E-04
